{
  "experiment": "probe_transfer",
  "base_model": "TinyLlama/TinyLlama-1.1B-intermediate-step-1431k-3T",
  "tuned_model": "TinyLlama/TinyLlama-1.1B-Chat-v1.0",
  "hidden_dim": 2048,
  "num_layers": 22,
  "num_terms": 9,
  "terms": [
    "courage",
    "efficiency",
    "equality",
    "freedom",
    "integrity",
    "justice",
    "responsibility",
    "tradition",
    "wisdom"
  ],
  "base_analysis": {
    "label": "Base (TinyLlama-1.1B-intermediate-step-1431k-3T)",
    "n_prompts": 12,
    "n_terms": 9,
    "pr_ceiling": 9,
    "participation_ratio": 3.312249183654785,
    "mean_off_diagonal_cosine": -0.11766424775123596,
    "eigenspectrum_top5": [
      4.254732131958008,
      2.0452237129211426,
      1.1568100452423096,
      0.6962584257125854,
      0.5479795336723328
    ],
    "value_spread": 1.0,
    "neutral_spread": 1.0,
    "spread_ratio": 1.0,
    "prompt_accuracy": [
      {
        "prompt": 1,
        "expected_term": "justice",
        "z_score": 1.4764453172683716,
        "rank": 0,
        "top_term": "justice",
        "top_z": 1.4764453172683716
      },
      {
        "prompt": 2,
        "expected_term": "freedom",
        "z_score": 1.3704602718353271,
        "rank": 1,
        "top_term": "responsibility",
        "top_z": 1.5343751907348633
      },
      {
        "prompt": 2,
        "expected_term": "responsibility",
        "z_score": 1.5343751907348633,
        "rank": 0,
        "top_term": "responsibility",
        "top_z": 1.5343751907348633
      },
      {
        "prompt": 4,
        "expected_term": "equality",
        "z_score": -0.6418454647064209,
        "rank": 6,
        "top_term": "tradition",
        "top_z": 2.2392578125
      },
      {
        "prompt": 4,
        "expected_term": "tradition",
        "z_score": 2.2392578125,
        "rank": 0,
        "top_term": "tradition",
        "top_z": 2.2392578125
      },
      {
        "prompt": 5,
        "expected_term": "courage",
        "z_score": 0.4265086352825165,
        "rank": 3,
        "top_term": "justice",
        "top_z": 1.4148945808410645
      },
      {
        "prompt": 6,
        "expected_term": "efficiency",
        "z_score": 1.8384453058242798,
        "rank": 0,
        "top_term": "efficiency",
        "top_z": 1.8384453058242798
      },
      {
        "prompt": 7,
        "expected_term": "freedom",
        "z_score": 2.002044439315796,
        "rank": 0,
        "top_term": "freedom",
        "top_z": 2.002044439315796
      },
      {
        "prompt": 7,
        "expected_term": "equality",
        "z_score": 0.08523508906364441,
        "rank": 3,
        "top_term": "freedom",
        "top_z": 2.002044439315796
      },
      {
        "prompt": 9,
        "expected_term": "responsibility",
        "z_score": 0.44171014428138733,
        "rank": 3,
        "top_term": "tradition",
        "top_z": 1.6520557403564453
      }
    ],
    "per_term_discrimination": [
      {
        "term": "efficiency",
        "std": 1.1212992668151855,
        "max_z": 1.8384453058242798,
        "min_z": -1.9590376615524292,
        "range": 3.797482967376709
      },
      {
        "term": "justice",
        "std": 0.8821082711219788,
        "max_z": 1.4764453172683716,
        "min_z": -0.9050729274749756,
        "range": 2.3815183639526367
      },
      {
        "term": "tradition",
        "std": 0.8259735703468323,
        "max_z": 2.2392578125,
        "min_z": -0.6713045835494995,
        "range": 2.910562515258789
      },
      {
        "term": "courage",
        "std": 0.7213329672813416,
        "max_z": 0.5619115829467773,
        "min_z": -1.5062915086746216,
        "range": 2.0682029724121094
      },
      {
        "term": "integrity",
        "std": 0.493374764919281,
        "max_z": 1.10243558883667,
        "min_z": -0.6511356830596924,
        "range": 1.7535712718963623
      },
      {
        "term": "freedom",
        "std": 0.4899662435054779,
        "max_z": 2.002044439315796,
        "min_z": 0.2777080535888672,
        "range": 1.7243363857269287
      },
      {
        "term": "equality",
        "std": 0.43450719118118286,
        "max_z": 0.08523508906364441,
        "min_z": -1.3297699689865112,
        "range": 1.415005087852478
      },
      {
        "term": "responsibility",
        "std": 0.4019245505332947,
        "max_z": 1.5343751907348633,
        "min_z": 0.37710368633270264,
        "range": 1.1572715044021606
      },
      {
        "term": "wisdom",
        "std": 0.3699986934661865,
        "max_z": -0.2716291844844818,
        "min_z": -1.350995659828186,
        "range": 1.0793664455413818
      }
    ],
    "cosine_matrix": {
      "terms": [
        "courage",
        "efficiency",
        "equality",
        "freedom",
        "integrity",
        "justice",
        "responsibility",
        "tradition",
        "wisdom"
      ],
      "matrix": [
        [
          0.9999999403953552,
          -0.3954482078552246,
          0.3273957669734955,
          -0.5524806380271912,
          -0.17194704711437225,
          0.3359696567058563,
          -0.2748873233795166,
          -0.49913308024406433,
          0.627321720123291
        ],
        [
          -0.3954482078552246,
          1.0000001192092896,
          0.48628246784210205,
          -0.412243515253067,
          -0.2278045266866684,
          -0.4465332329273224,
          -0.6291841864585876,
          0.016430247575044632,
          0.28159356117248535
        ],
        [
          0.3273957669734955,
          0.48628246784210205,
          1.0,
          -0.6795317530632019,
          -0.2756894826889038,
          -0.2411394864320755,
          -0.85970538854599,
          -0.5582374334335327,
          0.8347969651222229
        ],
        [
          -0.5524806380271912,
          -0.412243515253067,
          -0.6795317530632019,
          1.0,
          0.19290676712989807,
          -0.06223640963435173,
          0.8235419988632202,
          0.3140331208705902,
          -0.8392670750617981
        ],
        [
          -0.17194704711437225,
          -0.2278045266866684,
          -0.2756894826889038,
          0.19290676712989807,
          1.000000238418579,
          0.0002975671668536961,
          0.42071181535720825,
          -0.2049182504415512,
          -0.24545185267925262
        ],
        [
          0.3359696567058563,
          -0.4465332329273224,
          -0.2411394864320755,
          -0.06223640963435173,
          0.0002975671668536961,
          1.0000001192092896,
          0.11844499409198761,
          -0.18286462128162384,
          -0.17873714864253998
        ],
        [
          -0.2748873233795166,
          -0.6291841864585876,
          -0.85970538854599,
          0.8235419988632202,
          0.42071181535720825,
          0.11844499409198761,
          0.9999999403953552,
          0.23262013494968414,
          -0.7716461420059204
        ],
        [
          -0.49913308024406433,
          0.016430247575044632,
          -0.5582374334335327,
          0.3140331208705902,
          -0.2049182504415512,
          -0.18286462128162384,
          0.23262013494968414,
          1.0,
          -0.5391724109649658
        ],
        [
          0.627321720123291,
          0.28159356117248535,
          0.8347969651222229,
          -0.8392670750617981,
          -0.24545185267925262,
          -0.17873714864253998,
          -0.7716461420059204,
          -0.5391724109649658,
          1.0
        ]
      ]
    }
  },
  "tuned_analysis": {
    "label": "Tuned (TinyLlama-1.1B-Chat-v1.0)",
    "n_prompts": 12,
    "n_terms": 9,
    "pr_ceiling": 9,
    "participation_ratio": 3.5755622386932373,
    "mean_off_diagonal_cosine": -0.11894670873880386,
    "eigenspectrum_top5": [
      3.9512553215026855,
      2.1131608486175537,
      1.2701572179794312,
      0.7841381430625916,
      0.528586208820343
    ],
    "value_spread": 1.0,
    "neutral_spread": 1.0,
    "spread_ratio": 1.0,
    "prompt_accuracy": [
      {
        "prompt": 1,
        "expected_term": "justice",
        "z_score": 1.6348241567611694,
        "rank": 0,
        "top_term": "justice",
        "top_z": 1.6348241567611694
      },
      {
        "prompt": 2,
        "expected_term": "freedom",
        "z_score": 1.1897763013839722,
        "rank": 1,
        "top_term": "responsibility",
        "top_z": 1.6160370111465454
      },
      {
        "prompt": 2,
        "expected_term": "responsibility",
        "z_score": 1.6160370111465454,
        "rank": 0,
        "top_term": "responsibility",
        "top_z": 1.6160370111465454
      },
      {
        "prompt": 4,
        "expected_term": "equality",
        "z_score": -0.7476385831832886,
        "rank": 7,
        "top_term": "tradition",
        "top_z": 2.2007174491882324
      },
      {
        "prompt": 4,
        "expected_term": "tradition",
        "z_score": 2.2007174491882324,
        "rank": 0,
        "top_term": "tradition",
        "top_z": 2.2007174491882324
      },
      {
        "prompt": 5,
        "expected_term": "courage",
        "z_score": 0.7655458450317383,
        "rank": 3,
        "top_term": "justice",
        "top_z": 1.4797874689102173
      },
      {
        "prompt": 6,
        "expected_term": "efficiency",
        "z_score": 1.9374960660934448,
        "rank": 0,
        "top_term": "efficiency",
        "top_z": 1.9374960660934448
      },
      {
        "prompt": 7,
        "expected_term": "freedom",
        "z_score": 1.9969329833984375,
        "rank": 0,
        "top_term": "freedom",
        "top_z": 1.9969329833984375
      },
      {
        "prompt": 7,
        "expected_term": "equality",
        "z_score": 0.1540410816669464,
        "rank": 3,
        "top_term": "freedom",
        "top_z": 1.9969329833984375
      },
      {
        "prompt": 9,
        "expected_term": "responsibility",
        "z_score": 0.43008100986480713,
        "rank": 3,
        "top_term": "tradition",
        "top_z": 1.704972267150879
      }
    ],
    "per_term_discrimination": [
      {
        "term": "efficiency",
        "std": 1.1505013704299927,
        "max_z": 1.9374960660934448,
        "min_z": -1.807160496711731,
        "range": 3.744656562805176
      },
      {
        "term": "justice",
        "std": 0.917476236820221,
        "max_z": 1.6348241567611694,
        "min_z": -0.7611612677574158,
        "range": 2.3959853649139404
      },
      {
        "term": "tradition",
        "std": 0.8552572727203369,
        "max_z": 2.2007174491882324,
        "min_z": -0.6698983311653137,
        "range": 2.8706157207489014
      },
      {
        "term": "courage",
        "std": 0.8034296631813049,
        "max_z": 0.8428472876548767,
        "min_z": -1.3782360553741455,
        "range": 2.221083402633667
      },
      {
        "term": "integrity",
        "std": 0.5352890491485596,
        "max_z": 1.1613250970840454,
        "min_z": -0.7280650734901428,
        "range": 1.889390230178833
      },
      {
        "term": "freedom",
        "std": 0.5321646928787231,
        "max_z": 1.9969329833984375,
        "min_z": 0.10091999918222427,
        "range": 1.8960130214691162
      },
      {
        "term": "equality",
        "std": 0.47720783948898315,
        "max_z": 0.1540410816669464,
        "min_z": -1.3885539770126343,
        "range": 1.5425950288772583
      },
      {
        "term": "responsibility",
        "std": 0.46212038397789,
        "max_z": 1.6160370111465454,
        "min_z": 0.14271129667758942,
        "range": 1.4733257293701172
      },
      {
        "term": "wisdom",
        "std": 0.43492671847343445,
        "max_z": -0.08859814703464508,
        "min_z": -1.5668830871582031,
        "range": 1.4782849550247192
      }
    ],
    "cosine_matrix": {
      "terms": [
        "courage",
        "efficiency",
        "equality",
        "freedom",
        "integrity",
        "justice",
        "responsibility",
        "tradition",
        "wisdom"
      ],
      "matrix": [
        [
          1.0000001192092896,
          -0.5282432436943054,
          0.0888298824429512,
          -0.3857634663581848,
          0.0023234987165778875,
          0.27178817987442017,
          -0.1696525514125824,
          -0.4358448088169098,
          0.4786812961101532
        ],
        [
          -0.5282432436943054,
          1.0,
          0.4773188829421997,
          -0.38255488872528076,
          -0.16013123095035553,
          -0.4649672210216522,
          -0.5264664888381958,
          0.03780744969844818,
          0.22975707054138184
        ],
        [
          0.0888298824429512,
          0.4773188829421997,
          0.9999998807907104,
          -0.6106750965118408,
          -0.03818533569574356,
          -0.3703556954860687,
          -0.8550468683242798,
          -0.5391367673873901,
          0.8332136869430542
        ],
        [
          -0.3857634663581848,
          -0.38255488872528076,
          -0.6106750965118408,
          1.0,
          -0.04288547486066818,
          -0.006786879152059555,
          0.7741337418556213,
          0.2942604720592499,
          -0.761102557182312
        ],
        [
          0.0023234987165778875,
          -0.16013123095035553,
          -0.03818533569574356,
          -0.04288547486066818,
          1.0,
          0.03372471407055855,
          0.27629736065864563,
          -0.444510817527771,
          -0.0737910196185112
        ],
        [
          0.27178817987442017,
          -0.4649672210216522,
          -0.3703556954860687,
          -0.006786879152059555,
          0.03372471407055855,
          0.9999998807907104,
          0.20104967057704926,
          -0.1012444868683815,
          -0.3195130527019501
        ],
        [
          -0.1696525514125824,
          -0.5264664888381958,
          -0.8550468683242798,
          0.7741337418556213,
          0.27629736065864563,
          0.20104967057704926,
          1.0,
          0.2568001449108124,
          -0.8269988894462585
        ],
        [
          -0.4358448088169098,
          0.03780744969844818,
          -0.5391367673873901,
          0.2942604720592499,
          -0.444510817527771,
          -0.1012444868683815,
          0.2568001449108124,
          0.9999998807907104,
          -0.49421098828315735
        ],
        [
          0.4786812961101532,
          0.22975707054138184,
          0.8332136869430542,
          -0.761102557182312,
          -0.0737910196185112,
          -0.3195130527019501,
          -0.8269988894462585,
          -0.49421098828315735,
          0.9999999403953552
        ]
      ]
    }
  },
  "comparison": {
    "pr_delta": 0.26331305503845215,
    "cos_delta": -0.0012824609875679016,
    "spread_delta": 0.0
  }
}