{
  "experiment": "probe_transfer",
  "base_model": "openai-community/gpt2-medium",
  "tuned_model": "openai-community/gpt2-medium",
  "hidden_dim": 1024,
  "num_layers": 24,
  "num_terms": 26,
  "terms": [
    "accountability",
    "bravery",
    "compassion",
    "courage",
    "creativity",
    "cruelty",
    "efficiency",
    "empathy",
    "equality",
    "equity",
    "fairness",
    "freedom",
    "honesty",
    "humility",
    "innovation",
    "integrity",
    "justice",
    "loyalty",
    "openness",
    "oppression",
    "resilience",
    "responsibility",
    "secrecy",
    "tradition",
    "transparency",
    "wisdom"
  ],
  "base_analysis": {
    "label": "Base (gpt2-medium)",
    "n_prompts": 12,
    "n_terms": 26,
    "pr_ceiling": 12,
    "participation_ratio": 1.6350719928741455,
    "mean_off_diagonal_cosine": -0.031720586121082306,
    "eigenspectrum_top5": [
      20.13431167602539,
      2.018526792526245,
      1.5810776948928833,
      1.030229926109314,
      0.4893394708633423
    ],
    "value_spread": 1.0,
    "neutral_spread": 1.0,
    "spread_ratio": 1.0,
    "prompt_accuracy": [
      {
        "prompt": 0,
        "expected_term": "honesty",
        "z_score": 0.5867593288421631,
        "rank": 8,
        "top_term": "tradition",
        "top_z": 1.8642438650131226
      },
      {
        "prompt": 0,
        "expected_term": "loyalty",
        "z_score": 0.9178519248962402,
        "rank": 4,
        "top_term": "tradition",
        "top_z": 1.8642438650131226
      },
      {
        "prompt": 1,
        "expected_term": "justice",
        "z_score": -1.2076385021209717,
        "rank": 23,
        "top_term": "tradition",
        "top_z": 1.8862231969833374
      },
      {
        "prompt": 1,
        "expected_term": "compassion",
        "z_score": 0.6357698440551758,
        "rank": 6,
        "top_term": "tradition",
        "top_z": 1.8862231969833374
      },
      {
        "prompt": 2,
        "expected_term": "freedom",
        "z_score": -0.8025625348091125,
        "rank": 21,
        "top_term": "responsibility",
        "top_z": 1.7281826734542847
      },
      {
        "prompt": 2,
        "expected_term": "responsibility",
        "z_score": 1.7281826734542847,
        "rank": 0,
        "top_term": "responsibility",
        "top_z": 1.7281826734542847
      },
      {
        "prompt": 3,
        "expected_term": "transparency",
        "z_score": 1.0284372568130493,
        "rank": 5,
        "top_term": "tradition",
        "top_z": 1.5865013599395752
      },
      {
        "prompt": 3,
        "expected_term": "secrecy",
        "z_score": 0.2632858157157898,
        "rank": 10,
        "top_term": "tradition",
        "top_z": 1.5865013599395752
      },
      {
        "prompt": 4,
        "expected_term": "equality",
        "z_score": -2.080631971359253,
        "rank": 25,
        "top_term": "tradition",
        "top_z": 2.3367464542388916
      },
      {
        "prompt": 4,
        "expected_term": "tradition",
        "z_score": 2.3367464542388916,
        "rank": 0,
        "top_term": "tradition",
        "top_z": 2.3367464542388916
      },
      {
        "prompt": 5,
        "expected_term": "courage",
        "z_score": 0.8087232708930969,
        "rank": 4,
        "top_term": "tradition",
        "top_z": 1.8521584272384644
      },
      {
        "prompt": 6,
        "expected_term": "innovation",
        "z_score": 1.9053751230239868,
        "rank": 0,
        "top_term": "innovation",
        "top_z": 1.9053751230239868
      },
      {
        "prompt": 6,
        "expected_term": "efficiency",
        "z_score": -1.1383421421051025,
        "rank": 22,
        "top_term": "innovation",
        "top_z": 1.9053751230239868
      },
      {
        "prompt": 7,
        "expected_term": "freedom",
        "z_score": -0.6042739748954773,
        "rank": 19,
        "top_term": "tradition",
        "top_z": 1.9318604469299316
      },
      {
        "prompt": 7,
        "expected_term": "equality",
        "z_score": -2.0645782947540283,
        "rank": 25,
        "top_term": "tradition",
        "top_z": 1.9318604469299316
      },
      {
        "prompt": 8,
        "expected_term": "compassion",
        "z_score": 0.4198570251464844,
        "rank": 9,
        "top_term": "tradition",
        "top_z": 1.8088927268981934
      },
      {
        "prompt": 8,
        "expected_term": "accountability",
        "z_score": 0.1940462589263916,
        "rank": 10,
        "top_term": "tradition",
        "top_z": 1.8088927268981934
      },
      {
        "prompt": 9,
        "expected_term": "responsibility",
        "z_score": 1.4749937057495117,
        "rank": 2,
        "top_term": "tradition",
        "top_z": 1.9752295017242432
      }
    ],
    "per_term_discrimination": [
      {
        "term": "justice",
        "std": 0.27614128589630127,
        "max_z": -1.0996726751327515,
        "min_z": -1.933239459991455,
        "range": 0.8335667848587036
      },
      {
        "term": "innovation",
        "std": 0.275330513715744,
        "max_z": 1.9053751230239868,
        "min_z": 0.9478287100791931,
        "range": 0.9575464129447937
      },
      {
        "term": "efficiency",
        "std": 0.2728964388370514,
        "max_z": -1.1383421421051025,
        "min_z": -2.02651047706604,
        "range": 0.8881683349609375
      },
      {
        "term": "courage",
        "std": 0.22383932769298553,
        "max_z": 0.8087232708930969,
        "min_z": 0.22125233709812164,
        "range": 0.5874709486961365
      },
      {
        "term": "honesty",
        "std": 0.22234618663787842,
        "max_z": 0.5867593288421631,
        "min_z": -0.2940680980682373,
        "range": 0.8808274269104004
      },
      {
        "term": "equity",
        "std": 0.21793487668037415,
        "max_z": 0.8228088617324829,
        "min_z": 0.175367534160614,
        "range": 0.6474413275718689
      },
      {
        "term": "bravery",
        "std": 0.21000270545482635,
        "max_z": -0.3048519194126129,
        "min_z": -1.0780516862869263,
        "range": 0.7731997966766357
      },
      {
        "term": "openness",
        "std": 0.20738892257213593,
        "max_z": -0.10089769959449768,
        "min_z": -0.8995369076728821,
        "range": 0.798639178276062
      },
      {
        "term": "secrecy",
        "std": 0.20687147974967957,
        "max_z": 0.2934645414352417,
        "min_z": -0.3493109345436096,
        "range": 0.6427754759788513
      },
      {
        "term": "cruelty",
        "std": 0.1942129284143448,
        "max_z": 0.36677488684654236,
        "min_z": -0.22555989027023315,
        "range": 0.5923347473144531
      },
      {
        "term": "loyalty",
        "std": 0.18970808386802673,
        "max_z": 0.9768941402435303,
        "min_z": 0.38043972849845886,
        "range": 0.596454381942749
      },
      {
        "term": "freedom",
        "std": 0.18685375154018402,
        "max_z": -0.6042739748954773,
        "min_z": -1.2523263692855835,
        "range": 0.6480523943901062
      },
      {
        "term": "tradition",
        "std": 0.18648825585842133,
        "max_z": 2.3367464542388916,
        "min_z": 1.5865013599395752,
        "range": 0.7502450942993164
      },
      {
        "term": "creativity",
        "std": 0.18456219136714935,
        "max_z": 0.6620919108390808,
        "min_z": 0.11188235878944397,
        "range": 0.5502095222473145
      },
      {
        "term": "resilience",
        "std": 0.1838550865650177,
        "max_z": 0.024262167513370514,
        "min_z": -0.5655867457389832,
        "range": 0.5898489356040955
      },
      {
        "term": "compassion",
        "std": 0.181485116481781,
        "max_z": 0.6357698440551758,
        "min_z": -0.004239144269376993,
        "range": 0.6400089859962463
      },
      {
        "term": "equality",
        "std": 0.17972125113010406,
        "max_z": -2.0645782947540283,
        "min_z": -2.5403811931610107,
        "range": 0.4758028984069824
      },
      {
        "term": "humility",
        "std": 0.17876525223255157,
        "max_z": -0.22008053958415985,
        "min_z": -0.8871867060661316,
        "range": 0.6671061515808105
      },
      {
        "term": "transparency",
        "std": 0.16001127660274506,
        "max_z": 1.0284372568130493,
        "min_z": 0.44203686714172363,
        "range": 0.5864003896713257
      },
      {
        "term": "responsibility",
        "std": 0.155022993683815,
        "max_z": 1.8403791189193726,
        "min_z": 1.39273202419281,
        "range": 0.4476470947265625
      },
      {
        "term": "accountability",
        "std": 0.1450727880001068,
        "max_z": 0.34600818157196045,
        "min_z": -0.12466157972812653,
        "range": 0.4706697463989258
      },
      {
        "term": "integrity",
        "std": 0.12428964674472809,
        "max_z": 1.0799540281295776,
        "min_z": 0.6444249749183655,
        "range": 0.43552905321121216
      },
      {
        "term": "oppression",
        "std": 0.1029980331659317,
        "max_z": -0.02019432932138443,
        "min_z": -0.36406803131103516,
        "range": 0.3438737094402313
      },
      {
        "term": "wisdom",
        "std": 0.09632532298564911,
        "max_z": 1.437131404876709,
        "min_z": 1.1147985458374023,
        "range": 0.32233285903930664
      },
      {
        "term": "empathy",
        "std": 0.09317529201507568,
        "max_z": -0.08942443132400513,
        "min_z": -0.382768452167511,
        "range": 0.29334402084350586
      },
      {
        "term": "fairness",
        "std": 0.0702194795012474,
        "max_z": -0.38670819997787476,
        "min_z": -0.6015293598175049,
        "range": 0.21482115983963013
      }
    ],
    "cosine_matrix": {
      "terms": [
        "accountability",
        "bravery",
        "compassion",
        "courage",
        "creativity",
        "cruelty",
        "efficiency",
        "empathy",
        "equality",
        "equity",
        "fairness",
        "freedom",
        "honesty",
        "humility",
        "innovation",
        "integrity",
        "justice",
        "loyalty",
        "openness",
        "oppression",
        "resilience",
        "responsibility",
        "secrecy",
        "tradition",
        "transparency",
        "wisdom"
      ],
      "matrix": [
        [
          1.0,
          -0.5232096910476685,
          0.6773776412010193,
          0.5537581443786621,
          0.2385825514793396,
          0.41612187027931213,
          -0.6487745046615601,
          -0.37081167101860046,
          -0.6224754452705383,
          0.46807458996772766,
          -0.5243113040924072,
          -0.5535951852798462,
          0.14012914896011353,
          -0.6790854334831238,
          0.5261383056640625,
          0.6384085416793823,
          -0.5385069251060486,
          0.5166693329811096,
          -0.5917171239852905,
          -0.43303611874580383,
          -0.6164816617965698,
          0.6329648494720459,
          0.4088000953197479,
          0.5453761219978333,
          0.5580874681472778,
          0.5459960103034973
        ],
        [
          -0.5232096910476685,
          1.0,
          -0.6619607210159302,
          -0.8304066061973572,
          -0.9263714551925659,
          -0.14420956373214722,
          0.9257752895355225,
          0.8833515644073486,
          0.9517554044723511,
          -0.9815085530281067,
          0.9427765607833862,
          0.9543659090995789,
          0.10995803773403168,
          0.9463502764701843,
          -0.9799215793609619,
          -0.9538483619689941,
          0.9732769131660461,
          -0.8977057337760925,
          0.924796462059021,
          0.8565690517425537,
          0.8218184113502502,
          -0.952350914478302,
          -0.01747862994670868,
          -0.9532128572463989,
          -0.9478257298469543,
          -0.9645900726318359
        ],
        [
          0.6773776412010193,
          -0.6619607210159302,
          1.0,
          0.7047005891799927,
          0.4852176010608673,
          0.5879509449005127,
          -0.7295684218406677,
          -0.4170835018157959,
          -0.6763933897018433,
          0.6654446125030518,
          -0.6705669164657593,
          -0.6458307504653931,
          0.12306255102157593,
          -0.7576010823249817,
          0.5991811156272888,
          0.6896702647209167,
          -0.5953405499458313,
          0.7257033586502075,
          -0.8335031270980835,
          -0.6513822078704834,
          -0.8439176678657532,
          0.710498034954071,
          -0.08359773457050323,
          0.6562228202819824,
          0.5352282524108887,
          0.6515729427337646
        ],
        [
          0.5537581443786621,
          -0.8304066061973572,
          0.7047005891799927,
          1.0,
          0.7627531290054321,
          0.30256903171539307,
          -0.9559944272041321,
          -0.793312668800354,
          -0.9411066174507141,
          0.7886736989021301,
          -0.9579001069068909,
          -0.9235751628875732,
          0.1479939967393875,
          -0.8724868297576904,
          0.8581386208534241,
          0.8968080878257751,
          -0.8782303929328918,
          0.9063570499420166,
          -0.9154676198959351,
          -0.7058736085891724,
          -0.9395198822021484,
          0.9433743953704834,
          -0.005930217914283276,
          0.9348261952400208,
          0.8568547964096069,
          0.928803026676178
        ],
        [
          0.2385825514793396,
          -0.9263714551925659,
          0.4852176010608673,
          0.7627531290054321,
          1.0,
          0.058551911264657974,
          -0.8165442943572998,
          -0.8657744526863098,
          -0.8651942610740662,
          0.9164912104606628,
          -0.8802860975265503,
          -0.89882493019104,
          -0.1505018025636673,
          -0.8401533961296082,
          0.9256427884101868,
          0.8524773716926575,
          -0.9154981374740601,
          0.8466082811355591,
          -0.8373061418533325,
          -0.8003937602043152,
          -0.7129068970680237,
          0.8573370575904846,
          -0.11853586137294769,
          0.8845645785331726,
          0.8846094012260437,
          0.8894360661506653
        ],
        [
          0.41612187027931213,
          -0.14420956373214722,
          0.5879509449005127,
          0.30256903171539307,
          0.058551911264657974,
          1.0,
          -0.22885216772556305,
          -0.05250721052289009,
          -0.18939140439033508,
          0.2031843215227127,
          -0.23060835897922516,
          -0.2123619019985199,
          -0.08444014936685562,
          -0.3762087821960449,
          0.09377577155828476,
          0.165897935628891,
          -0.07937212288379669,
          0.10680106282234192,
          -0.41322335600852966,
          0.05402177572250366,
          -0.4250298738479614,
          0.2358548492193222,
          -0.013889659196138382,
          0.17762450873851776,
          0.11628168076276779,
          0.17021293938159943
        ],
        [
          -0.6487745046615601,
          0.9257752895355225,
          -0.7295684218406677,
          -0.9559944272041321,
          -0.8165442943572998,
          -0.22885216772556305,
          0.9999998807907104,
          0.8600711822509766,
          0.9909319877624512,
          -0.8863595724105835,
          0.9764060378074646,
          0.9626519680023193,
          -0.06525268405675888,
          0.9466469883918762,
          -0.9428852200508118,
          -0.9817093014717102,
          0.9597598910331726,
          -0.9328051209449768,
          0.9434398412704468,
          0.8310742378234863,
          0.9240344762802124,
          -0.9911518096923828,
          -0.10690918564796448,
          -0.9817755222320557,
          -0.9345244765281677,
          -0.9803935885429382
        ],
        [
          -0.37081167101860046,
          0.8833515644073486,
          -0.4170835018157959,
          -0.793312668800354,
          -0.8657744526863098,
          -0.05250721052289009,
          0.8600711822509766,
          1.0000001192092896,
          0.8824625611305237,
          -0.8975603580474854,
          0.9064329862594604,
          0.8845906853675842,
          0.29619207978248596,
          0.8592776656150818,
          -0.9112868309020996,
          -0.8651238083839417,
          0.9181914925575256,
          -0.7404840588569641,
          0.7847002148628235,
          0.6871114373207092,
          0.673313558101654,
          -0.8859661221504211,
          -0.0072548906318843365,
          -0.9183159470558167,
          -0.935656726360321,
          -0.9192559719085693
        ],
        [
          -0.6224754452705383,
          0.9517554044723511,
          -0.6763933897018433,
          -0.9411066174507141,
          -0.8651942610740662,
          -0.18939140439033508,
          0.9909319877624512,
          0.8824625611305237,
          1.0000001192092896,
          -0.9082430601119995,
          0.9808471202850342,
          0.9829695820808411,
          -0.027598554268479347,
          0.9538481831550598,
          -0.9698013663291931,
          -0.9864619970321655,
          0.9804649353027344,
          -0.9343336224555969,
          0.9372249245643616,
          0.8241112232208252,
          0.8924233317375183,
          -0.9955017566680908,
          -0.09738349914550781,
          -0.9873929023742676,
          -0.9617037773132324,
          -0.9893350005149841
        ],
        [
          0.46807458996772766,
          -0.9815085530281067,
          0.6654446125030518,
          0.7886736989021301,
          0.9164912104606628,
          0.2031843215227127,
          -0.8863595724105835,
          -0.8975603580474854,
          -0.9082430601119995,
          0.9999998807907104,
          -0.919002890586853,
          -0.9208377599716187,
          -0.2681838274002075,
          -0.938696026802063,
          0.9575255513191223,
          0.9077869653701782,
          -0.938361644744873,
          0.8326150178909302,
          -0.9166162014007568,
          -0.8064705729484558,
          -0.7827965021133423,
          0.9229053854942322,
          -0.08351166546344757,
          0.9312015771865845,
          0.9122297167778015,
          0.939155101776123
        ],
        [
          -0.5243113040924072,
          0.9427765607833862,
          -0.6705669164657593,
          -0.9579001069068909,
          -0.8802860975265503,
          -0.23060835897922516,
          0.9764060378074646,
          0.9064329862594604,
          0.9808471202850342,
          -0.919002890586853,
          1.0,
          0.9800013899803162,
          0.009237906895577908,
          0.9370836019515991,
          -0.9539675712585449,
          -0.9552429914474487,
          0.9622756242752075,
          -0.9118549823760986,
          0.9414013624191284,
          0.7919634580612183,
          0.9059646129608154,
          -0.9816173315048218,
          0.003650147467851639,
          -0.9885217547416687,
          -0.9529908895492554,
          -0.9904429316520691
        ],
        [
          -0.5535951852798462,
          0.9543659090995789,
          -0.6458307504653931,
          -0.9235751628875732,
          -0.89882493019104,
          -0.2123619019985199,
          0.9626519680023193,
          0.8845906853675842,
          0.9829695820808411,
          -0.9208377599716187,
          0.9800013899803162,
          1.0,
          0.026535727083683014,
          0.9456058144569397,
          -0.9740235805511475,
          -0.9595038294792175,
          0.9681671857833862,
          -0.9112945199012756,
          0.9330301284790039,
          0.7962753772735596,
          0.8651750683784485,
          -0.9771121144294739,
          0.01250273548066616,
          -0.9835876226425171,
          -0.9575673937797546,
          -0.9853267073631287
        ],
        [
          0.14012914896011353,
          0.10995803773403168,
          0.12306255102157593,
          0.1479939967393875,
          -0.1505018025636673,
          -0.08444014936685562,
          -0.06525268405675888,
          0.29619207978248596,
          -0.027598554268479347,
          -0.2681838274002075,
          0.009237906895577908,
          0.026535727083683014,
          0.9999998807907104,
          0.11688033491373062,
          -0.12647733092308044,
          0.04333437234163284,
          0.043148595839738846,
          0.2335132658481598,
          0.019120417535305023,
          -0.18621613085269928,
          -0.24803894758224487,
          -0.025025511160492897,
          0.4113718867301941,
          -0.05314485356211662,
          -0.06285767257213593,
          -0.045467719435691833
        ],
        [
          -0.6790854334831238,
          0.9463502764701843,
          -0.7576010823249817,
          -0.8724868297576904,
          -0.8401533961296082,
          -0.3762087821960449,
          0.9466469883918762,
          0.8592776656150818,
          0.9538481831550598,
          -0.938696026802063,
          0.9370836019515991,
          0.9456058144569397,
          0.11688033491373062,
          1.0,
          -0.9407423138618469,
          -0.9432407021522522,
          0.9401509761810303,
          -0.8717498183250427,
          0.9629349708557129,
          0.7689903378486633,
          0.8731939196586609,
          -0.9688807725906372,
          -0.08017236739397049,
          -0.9500980973243713,
          -0.9210054278373718,
          -0.95026695728302
        ],
        [
          0.5261383056640625,
          -0.9799215793609619,
          0.5991811156272888,
          0.8581386208534241,
          0.9256427884101868,
          0.09377577155828476,
          -0.9428852200508118,
          -0.9112868309020996,
          -0.9698013663291931,
          0.9575255513191223,
          -0.9539675712585449,
          -0.9740235805511475,
          -0.12647733092308044,
          -0.9407423138618469,
          0.9999998211860657,
          0.9592411518096924,
          -0.9908709526062012,
          0.8977112174034119,
          -0.9106466770172119,
          -0.8415886163711548,
          -0.8113837838172913,
          0.9679053425788879,
          0.01149220485240221,
          0.9770201444625854,
          0.9616803526878357,
          0.9792702198028564
        ],
        [
          0.6384085416793823,
          -0.9538483619689941,
          0.6896702647209167,
          0.8968080878257751,
          0.8524773716926575,
          0.165897935628891,
          -0.9817093014717102,
          -0.8651238083839417,
          -0.9864619970321655,
          0.9077869653701782,
          -0.9552429914474487,
          -0.9595038294792175,
          0.04333437234163284,
          -0.9432407021522522,
          0.9592411518096924,
          1.0,
          -0.974589467048645,
          0.9213955402374268,
          -0.9163596034049988,
          -0.8764737844467163,
          -0.8723304867744446,
          0.9774197936058044,
          0.16817054152488708,
          0.9674871563911438,
          0.9582657814025879,
          0.9726911187171936
        ],
        [
          -0.5385069251060486,
          0.9732769131660461,
          -0.5953405499458313,
          -0.8782303929328918,
          -0.9154981374740601,
          -0.07937212288379669,
          0.9597598910331726,
          0.9181914925575256,
          0.9804649353027344,
          -0.938361644744873,
          0.9622756242752075,
          0.9681671857833862,
          0.043148595839738846,
          0.9401509761810303,
          -0.9908709526062012,
          -0.974589467048645,
          1.0,
          -0.9176958203315735,
          0.907305121421814,
          0.8609215021133423,
          0.835154116153717,
          -0.9745684862136841,
          -0.10600805282592773,
          -0.9810064435005188,
          -0.9736493229866028,
          -0.9842826724052429
        ],
        [
          0.5166693329811096,
          -0.8977057337760925,
          0.7257033586502075,
          0.9063570499420166,
          0.8466082811355591,
          0.10680106282234192,
          -0.9328051209449768,
          -0.7404840588569641,
          -0.9343336224555969,
          0.8326150178909302,
          -0.9118549823760986,
          -0.9112945199012756,
          0.2335132658481598,
          -0.8717498183250427,
          0.8977112174034119,
          0.9213955402374268,
          -0.9176958203315735,
          1.0,
          -0.9189466238021851,
          -0.8854961395263672,
          -0.9056718945503235,
          0.9268552660942078,
          0.023143045604228973,
          0.9181283116340637,
          0.8436121940612793,
          0.9172071814537048
        ],
        [
          -0.5917171239852905,
          0.924796462059021,
          -0.8335031270980835,
          -0.9154676198959351,
          -0.8373061418533325,
          -0.41322335600852966,
          0.9434398412704468,
          0.7847002148628235,
          0.9372249245643616,
          -0.9166162014007568,
          0.9414013624191284,
          0.9330301284790039,
          0.019120417535305023,
          0.9629349708557129,
          -0.9106466770172119,
          -0.9163596034049988,
          0.907305121421814,
          -0.9189466238021851,
          1.000000238418579,
          0.7881075739860535,
          0.9428694248199463,
          -0.9563995599746704,
          0.042990412563085556,
          -0.940679669380188,
          -0.8533832430839539,
          -0.9383833408355713
        ],
        [
          -0.43303611874580383,
          0.8565690517425537,
          -0.6513822078704834,
          -0.7058736085891724,
          -0.8003937602043152,
          0.05402177572250366,
          0.8310742378234863,
          0.6871114373207092,
          0.8241112232208252,
          -0.8064705729484558,
          0.7919634580612183,
          0.7962753772735596,
          -0.18621613085269928,
          0.7689903378486633,
          -0.8415886163711548,
          -0.8764737844467163,
          0.8609215021133423,
          -0.8854961395263672,
          0.7881075739860535,
          1.0,
          0.7727322578430176,
          -0.8072947263717651,
          -0.11663465946912766,
          -0.8210821747779846,
          -0.7903872728347778,
          -0.8235108256340027
        ],
        [
          -0.6164816617965698,
          0.8218184113502502,
          -0.8439176678657532,
          -0.9395198822021484,
          -0.7129068970680237,
          -0.4250298738479614,
          0.9240344762802124,
          0.673313558101654,
          0.8924233317375183,
          -0.7827965021133423,
          0.9059646129608154,
          0.8651750683784485,
          -0.24803894758224487,
          0.8731939196586609,
          -0.8113837838172913,
          -0.8723304867744446,
          0.835154116153717,
          -0.9056718945503235,
          0.9428694248199463,
          0.7727322578430176,
          0.9999999403953552,
          -0.9024443626403809,
          -0.07592780888080597,
          -0.8800947070121765,
          -0.7919008135795593,
          -0.8771152496337891
        ],
        [
          0.6329648494720459,
          -0.952350914478302,
          0.710498034954071,
          0.9433743953704834,
          0.8573370575904846,
          0.2358548492193222,
          -0.9911518096923828,
          -0.8859661221504211,
          -0.9955017566680908,
          0.9229053854942322,
          -0.9816173315048218,
          -0.9771121144294739,
          -0.025025511160492897,
          -0.9688807725906372,
          0.9679053425788879,
          0.9774197936058044,
          -0.9745684862136841,
          0.9268552660942078,
          -0.9563995599746704,
          -0.8072947263717651,
          -0.9024443626403809,
          1.0,
          0.06193166226148605,
          0.9894225597381592,
          0.9488105773925781,
          0.9891574382781982
        ],
        [
          0.4088000953197479,
          -0.01747862994670868,
          -0.08359773457050323,
          -0.005930217914283276,
          -0.11853586137294769,
          -0.013889659196138382,
          -0.10690918564796448,
          -0.0072548906318843365,
          -0.09738349914550781,
          -0.08351166546344757,
          0.003650147467851639,
          0.01250273548066616,
          0.4113718867301941,
          -0.08017236739397049,
          0.01149220485240221,
          0.16817054152488708,
          -0.10600805282592773,
          0.023143045604228973,
          0.042990412563085556,
          -0.11663465946912766,
          -0.07592780888080597,
          0.06193166226148605,
          0.9999998807907104,
          0.011730113066732883,
          0.15812988579273224,
          0.031044192612171173
        ],
        [
          0.5453761219978333,
          -0.9532128572463989,
          0.6562228202819824,
          0.9348261952400208,
          0.8845645785331726,
          0.17762450873851776,
          -0.9817755222320557,
          -0.9183159470558167,
          -0.9873929023742676,
          0.9312015771865845,
          -0.9885217547416687,
          -0.9835876226425171,
          -0.05314485356211662,
          -0.9500980973243713,
          0.9770201444625854,
          0.9674871563911438,
          -0.9810064435005188,
          0.9181283116340637,
          -0.940679669380188,
          -0.8210821747779846,
          -0.8800947070121765,
          0.9894225597381592,
          0.011730113066732883,
          1.0,
          0.9538900256156921,
          0.9978631734848022
        ],
        [
          0.5580874681472778,
          -0.9478257298469543,
          0.5352282524108887,
          0.8568547964096069,
          0.8846094012260437,
          0.11628168076276779,
          -0.9345244765281677,
          -0.935656726360321,
          -0.9617037773132324,
          0.9122297167778015,
          -0.9529908895492554,
          -0.9575673937797546,
          -0.06285767257213593,
          -0.9210054278373718,
          0.9616803526878357,
          0.9582657814025879,
          -0.9736493229866028,
          0.8436121940612793,
          -0.8533832430839539,
          -0.7903872728347778,
          -0.7919008135795593,
          0.9488105773925781,
          0.15812988579273224,
          0.9538900256156921,
          1.0000001192092896,
          0.9632211923599243
        ],
        [
          0.5459960103034973,
          -0.9645900726318359,
          0.6515729427337646,
          0.928803026676178,
          0.8894360661506653,
          0.17021293938159943,
          -0.9803935885429382,
          -0.9192559719085693,
          -0.9893350005149841,
          0.939155101776123,
          -0.9904429316520691,
          -0.9853267073631287,
          -0.045467719435691833,
          -0.95026695728302,
          0.9792702198028564,
          0.9726911187171936,
          -0.9842826724052429,
          0.9172071814537048,
          -0.9383833408355713,
          -0.8235108256340027,
          -0.8771152496337891,
          0.9891574382781982,
          0.031044192612171173,
          0.9978631734848022,
          0.9632211923599243,
          1.0
        ]
      ]
    }
  },
  "tuned_analysis": {
    "label": "Tuned (gpt2-medium)",
    "n_prompts": 12,
    "n_terms": 26,
    "pr_ceiling": 12,
    "participation_ratio": 1.6350719928741455,
    "mean_off_diagonal_cosine": -0.031720586121082306,
    "eigenspectrum_top5": [
      20.13431167602539,
      2.018526792526245,
      1.5810776948928833,
      1.030229926109314,
      0.4893394708633423
    ],
    "value_spread": 1.0,
    "neutral_spread": 1.0,
    "spread_ratio": 1.0,
    "prompt_accuracy": [
      {
        "prompt": 0,
        "expected_term": "honesty",
        "z_score": 0.5867593288421631,
        "rank": 8,
        "top_term": "tradition",
        "top_z": 1.8642438650131226
      },
      {
        "prompt": 0,
        "expected_term": "loyalty",
        "z_score": 0.9178519248962402,
        "rank": 4,
        "top_term": "tradition",
        "top_z": 1.8642438650131226
      },
      {
        "prompt": 1,
        "expected_term": "justice",
        "z_score": -1.2076385021209717,
        "rank": 23,
        "top_term": "tradition",
        "top_z": 1.8862231969833374
      },
      {
        "prompt": 1,
        "expected_term": "compassion",
        "z_score": 0.6357698440551758,
        "rank": 6,
        "top_term": "tradition",
        "top_z": 1.8862231969833374
      },
      {
        "prompt": 2,
        "expected_term": "freedom",
        "z_score": -0.8025625348091125,
        "rank": 21,
        "top_term": "responsibility",
        "top_z": 1.7281826734542847
      },
      {
        "prompt": 2,
        "expected_term": "responsibility",
        "z_score": 1.7281826734542847,
        "rank": 0,
        "top_term": "responsibility",
        "top_z": 1.7281826734542847
      },
      {
        "prompt": 3,
        "expected_term": "transparency",
        "z_score": 1.0284372568130493,
        "rank": 5,
        "top_term": "tradition",
        "top_z": 1.5865013599395752
      },
      {
        "prompt": 3,
        "expected_term": "secrecy",
        "z_score": 0.2632858157157898,
        "rank": 10,
        "top_term": "tradition",
        "top_z": 1.5865013599395752
      },
      {
        "prompt": 4,
        "expected_term": "equality",
        "z_score": -2.080631971359253,
        "rank": 25,
        "top_term": "tradition",
        "top_z": 2.3367464542388916
      },
      {
        "prompt": 4,
        "expected_term": "tradition",
        "z_score": 2.3367464542388916,
        "rank": 0,
        "top_term": "tradition",
        "top_z": 2.3367464542388916
      },
      {
        "prompt": 5,
        "expected_term": "courage",
        "z_score": 0.8087232708930969,
        "rank": 4,
        "top_term": "tradition",
        "top_z": 1.8521584272384644
      },
      {
        "prompt": 6,
        "expected_term": "innovation",
        "z_score": 1.9053751230239868,
        "rank": 0,
        "top_term": "innovation",
        "top_z": 1.9053751230239868
      },
      {
        "prompt": 6,
        "expected_term": "efficiency",
        "z_score": -1.1383421421051025,
        "rank": 22,
        "top_term": "innovation",
        "top_z": 1.9053751230239868
      },
      {
        "prompt": 7,
        "expected_term": "freedom",
        "z_score": -0.6042739748954773,
        "rank": 19,
        "top_term": "tradition",
        "top_z": 1.9318604469299316
      },
      {
        "prompt": 7,
        "expected_term": "equality",
        "z_score": -2.0645782947540283,
        "rank": 25,
        "top_term": "tradition",
        "top_z": 1.9318604469299316
      },
      {
        "prompt": 8,
        "expected_term": "compassion",
        "z_score": 0.4198570251464844,
        "rank": 9,
        "top_term": "tradition",
        "top_z": 1.8088927268981934
      },
      {
        "prompt": 8,
        "expected_term": "accountability",
        "z_score": 0.1940462589263916,
        "rank": 10,
        "top_term": "tradition",
        "top_z": 1.8088927268981934
      },
      {
        "prompt": 9,
        "expected_term": "responsibility",
        "z_score": 1.4749937057495117,
        "rank": 2,
        "top_term": "tradition",
        "top_z": 1.9752295017242432
      }
    ],
    "per_term_discrimination": [
      {
        "term": "justice",
        "std": 0.27614128589630127,
        "max_z": -1.0996726751327515,
        "min_z": -1.933239459991455,
        "range": 0.8335667848587036
      },
      {
        "term": "innovation",
        "std": 0.275330513715744,
        "max_z": 1.9053751230239868,
        "min_z": 0.9478287100791931,
        "range": 0.9575464129447937
      },
      {
        "term": "efficiency",
        "std": 0.2728964388370514,
        "max_z": -1.1383421421051025,
        "min_z": -2.02651047706604,
        "range": 0.8881683349609375
      },
      {
        "term": "courage",
        "std": 0.22383932769298553,
        "max_z": 0.8087232708930969,
        "min_z": 0.22125233709812164,
        "range": 0.5874709486961365
      },
      {
        "term": "honesty",
        "std": 0.22234618663787842,
        "max_z": 0.5867593288421631,
        "min_z": -0.2940680980682373,
        "range": 0.8808274269104004
      },
      {
        "term": "equity",
        "std": 0.21793487668037415,
        "max_z": 0.8228088617324829,
        "min_z": 0.175367534160614,
        "range": 0.6474413275718689
      },
      {
        "term": "bravery",
        "std": 0.21000270545482635,
        "max_z": -0.3048519194126129,
        "min_z": -1.0780516862869263,
        "range": 0.7731997966766357
      },
      {
        "term": "openness",
        "std": 0.20738892257213593,
        "max_z": -0.10089769959449768,
        "min_z": -0.8995369076728821,
        "range": 0.798639178276062
      },
      {
        "term": "secrecy",
        "std": 0.20687147974967957,
        "max_z": 0.2934645414352417,
        "min_z": -0.3493109345436096,
        "range": 0.6427754759788513
      },
      {
        "term": "cruelty",
        "std": 0.1942129284143448,
        "max_z": 0.36677488684654236,
        "min_z": -0.22555989027023315,
        "range": 0.5923347473144531
      },
      {
        "term": "loyalty",
        "std": 0.18970808386802673,
        "max_z": 0.9768941402435303,
        "min_z": 0.38043972849845886,
        "range": 0.596454381942749
      },
      {
        "term": "freedom",
        "std": 0.18685375154018402,
        "max_z": -0.6042739748954773,
        "min_z": -1.2523263692855835,
        "range": 0.6480523943901062
      },
      {
        "term": "tradition",
        "std": 0.18648825585842133,
        "max_z": 2.3367464542388916,
        "min_z": 1.5865013599395752,
        "range": 0.7502450942993164
      },
      {
        "term": "creativity",
        "std": 0.18456219136714935,
        "max_z": 0.6620919108390808,
        "min_z": 0.11188235878944397,
        "range": 0.5502095222473145
      },
      {
        "term": "resilience",
        "std": 0.1838550865650177,
        "max_z": 0.024262167513370514,
        "min_z": -0.5655867457389832,
        "range": 0.5898489356040955
      },
      {
        "term": "compassion",
        "std": 0.181485116481781,
        "max_z": 0.6357698440551758,
        "min_z": -0.004239144269376993,
        "range": 0.6400089859962463
      },
      {
        "term": "equality",
        "std": 0.17972125113010406,
        "max_z": -2.0645782947540283,
        "min_z": -2.5403811931610107,
        "range": 0.4758028984069824
      },
      {
        "term": "humility",
        "std": 0.17876525223255157,
        "max_z": -0.22008053958415985,
        "min_z": -0.8871867060661316,
        "range": 0.6671061515808105
      },
      {
        "term": "transparency",
        "std": 0.16001127660274506,
        "max_z": 1.0284372568130493,
        "min_z": 0.44203686714172363,
        "range": 0.5864003896713257
      },
      {
        "term": "responsibility",
        "std": 0.155022993683815,
        "max_z": 1.8403791189193726,
        "min_z": 1.39273202419281,
        "range": 0.4476470947265625
      },
      {
        "term": "accountability",
        "std": 0.1450727880001068,
        "max_z": 0.34600818157196045,
        "min_z": -0.12466157972812653,
        "range": 0.4706697463989258
      },
      {
        "term": "integrity",
        "std": 0.12428964674472809,
        "max_z": 1.0799540281295776,
        "min_z": 0.6444249749183655,
        "range": 0.43552905321121216
      },
      {
        "term": "oppression",
