{
  "experiment": "probe_transfer",
  "base_model": "Qwen/Qwen2.5-0.5B",
  "tuned_model": "Qwen/Qwen2.5-0.5B-Instruct",
  "hidden_dim": 896,
  "num_layers": 24,
  "num_terms": 26,
  "terms": [
    "accountability",
    "bravery",
    "compassion",
    "courage",
    "creativity",
    "cruelty",
    "efficiency",
    "empathy",
    "equality",
    "equity",
    "fairness",
    "freedom",
    "honesty",
    "humility",
    "innovation",
    "integrity",
    "justice",
    "loyalty",
    "openness",
    "oppression",
    "resilience",
    "responsibility",
    "secrecy",
    "tradition",
    "transparency",
    "wisdom"
  ],
  "base_analysis": {
    "label": "Base (Qwen2.5-0.5B)",
    "n_prompts": 12,
    "n_terms": 26,
    "pr_ceiling": 12,
    "participation_ratio": 4.956507682800293,
    "mean_off_diagonal_cosine": -0.03408149629831314,
    "eigenspectrum_top5": [
      9.243195533752441,
      5.664068698883057,
      2.453856945037842,
      2.3275012969970703,
      1.6542414426803589
    ],
    "value_spread": 1.0,
    "neutral_spread": 1.0,
    "spread_ratio": 1.0,
    "prompt_accuracy": [
      {
        "prompt": 0,
        "expected_term": "honesty",
        "z_score": 2.8922922611236572,
        "rank": 0,
        "top_term": "honesty",
        "top_z": 2.8922922611236572
      },
      {
        "prompt": 0,
        "expected_term": "loyalty",
        "z_score": 1.0290790796279907,
        "rank": 3,
        "top_term": "honesty",
        "top_z": 2.8922922611236572
      },
      {
        "prompt": 1,
        "expected_term": "justice",
        "z_score": 1.4588418006896973,
        "rank": 1,
        "top_term": "honesty",
        "top_z": 1.7112761735916138
      },
      {
        "prompt": 1,
        "expected_term": "compassion",
        "z_score": 1.1946879625320435,
        "rank": 3,
        "top_term": "honesty",
        "top_z": 1.7112761735916138
      },
      {
        "prompt": 2,
        "expected_term": "freedom",
        "z_score": -0.8279721736907959,
        "rank": 21,
        "top_term": "accountability",
        "top_z": 1.8904080390930176
      },
      {
        "prompt": 2,
        "expected_term": "responsibility",
        "z_score": 1.3647304773330688,
        "rank": 2,
        "top_term": "accountability",
        "top_z": 1.8904080390930176
      },
      {
        "prompt": 3,
        "expected_term": "transparency",
        "z_score": 2.2151708602905273,
        "rank": 0,
        "top_term": "transparency",
        "top_z": 2.2151708602905273
      },
      {
        "prompt": 3,
        "expected_term": "secrecy",
        "z_score": -0.47688016295433044,
        "rank": 19,
        "top_term": "transparency",
        "top_z": 2.2151708602905273
      },
      {
        "prompt": 4,
        "expected_term": "equality",
        "z_score": -1.361636757850647,
        "rank": 23,
        "top_term": "courage",
        "top_z": 1.796169400215149
      },
      {
        "prompt": 4,
        "expected_term": "tradition",
        "z_score": 1.4412552118301392,
        "rank": 2,
        "top_term": "courage",
        "top_z": 1.796169400215149
      },
      {
        "prompt": 5,
        "expected_term": "courage",
        "z_score": 1.3616297245025635,
        "rank": 3,
        "top_term": "bravery",
        "top_z": 1.9960112571716309
      },
      {
        "prompt": 6,
        "expected_term": "innovation",
        "z_score": 1.8585506677627563,
        "rank": 1,
        "top_term": "efficiency",
        "top_z": 2.130206823348999
      },
      {
        "prompt": 6,
        "expected_term": "efficiency",
        "z_score": 2.130206823348999,
        "rank": 0,
        "top_term": "efficiency",
        "top_z": 2.130206823348999
      },
      {
        "prompt": 7,
        "expected_term": "freedom",
        "z_score": 0.4182235896587372,
        "rank": 7,
        "top_term": "equity",
        "top_z": 1.8112952709197998
      },
      {
        "prompt": 7,
        "expected_term": "equality",
        "z_score": -1.28951895236969,
        "rank": 22,
        "top_term": "equity",
        "top_z": 1.8112952709197998
      },
      {
        "prompt": 8,
        "expected_term": "compassion",
        "z_score": 1.0273069143295288,
        "rank": 6,
        "top_term": "courage",
        "top_z": 1.5612508058547974
      },
      {
        "prompt": 8,
        "expected_term": "accountability",
        "z_score": 1.1351630687713623,
        "rank": 5,
        "top_term": "courage",
        "top_z": 1.5612508058547974
      },
      {
        "prompt": 9,
        "expected_term": "responsibility",
        "z_score": 0.07307296991348267,
        "rank": 15,
        "top_term": "resilience",
        "top_z": 1.897727608680725
      }
    ],
    "per_term_discrimination": [
      {
        "term": "efficiency",
        "std": 1.2532061338424683,
        "max_z": 2.130206823348999,
        "min_z": -1.9710620641708374,
        "range": 4.101268768310547
      },
      {
        "term": "resilience",
        "std": 1.0142133235931396,
        "max_z": 1.897727608680725,
        "min_z": -1.090485692024231,
        "range": 2.988213300704956
      },
      {
        "term": "innovation",
        "std": 0.9531947374343872,
        "max_z": 1.8585506677627563,
        "min_z": -1.1666523218154907,
        "range": 3.025202989578247
      },
      {
        "term": "loyalty",
        "std": 0.9465396404266357,
        "max_z": 1.0290790796279907,
        "min_z": -1.79867684841156,
        "range": 2.827755928039551
      },
      {
        "term": "justice",
        "std": 0.874027669429779,
        "max_z": 1.4588418006896973,
        "min_z": -1.466694712638855,
        "range": 2.925536632537842
      },
      {
        "term": "honesty",
        "std": 0.8380236625671387,
        "max_z": 2.8922922611236572,
        "min_z": -0.00770614854991436,
        "range": 2.899998426437378
      },
      {
        "term": "transparency",
        "std": 0.8300391435623169,
        "max_z": 2.2151708602905273,
        "min_z": -0.8076575398445129,
        "range": 3.0228283405303955
      },
      {
        "term": "equity",
        "std": 0.823897123336792,
        "max_z": 1.8112952709197998,
        "min_z": -1.218704104423523,
        "range": 3.029999256134033
      },
      {
        "term": "secrecy",
        "std": 0.8144688606262207,
        "max_z": 0.16676777601242065,
        "min_z": -2.4288339614868164,
        "range": 2.595601797103882
      },
      {
        "term": "wisdom",
        "std": 0.7637305855751038,
        "max_z": 0.6936768293380737,
        "min_z": -2.0828983783721924,
        "range": 2.7765750885009766
      },
      {
        "term": "courage",
        "std": 0.7615397572517395,
        "max_z": 1.796169400215149,
        "min_z": -0.43261265754699707,
        "range": 2.2287821769714355
      },
      {
        "term": "tradition",
        "std": 0.7479245662689209,
        "max_z": 1.4412552118301392,
        "min_z": -1.4149229526519775,
        "range": 2.8561782836914062
      },
      {
        "term": "empathy",
        "std": 0.676055371761322,
        "max_z": 1.240118384361267,
        "min_z": -0.8600202798843384,
        "range": 2.1001386642456055
      },
      {
        "term": "humility",
        "std": 0.6680861711502075,
        "max_z": 0.7918171882629395,
        "min_z": -1.8497072458267212,
        "range": 2.641524314880371
      },
      {
        "term": "bravery",
        "std": 0.661379873752594,
        "max_z": 1.9960112571716309,
        "min_z": -0.1302076280117035,
        "range": 2.126218795776367
      },
      {
        "term": "openness",
        "std": 0.6529145836830139,
        "max_z": 1.4389607906341553,
        "min_z": -1.0264997482299805,
        "range": 2.4654605388641357
      },
      {
        "term": "responsibility",
        "std": 0.6399761438369751,
        "max_z": 1.3647304773330688,
        "min_z": -0.8311251401901245,
        "range": 2.1958556175231934
      },
      {
        "term": "accountability",
        "std": 0.6181020736694336,
        "max_z": 1.8904080390930176,
        "min_z": -0.3488679826259613,
        "range": 2.2392759323120117
      },
      {
        "term": "freedom",
        "std": 0.6132281422615051,
        "max_z": 0.4182235896587372,
        "min_z": -1.8462151288986206,
        "range": 2.2644386291503906
      },
      {
        "term": "cruelty",
        "std": 0.6070316433906555,
        "max_z": 1.1427656412124634,
        "min_z": -1.152672290802002,
        "range": 2.295437812805176
      },
      {
        "term": "creativity",
        "std": 0.5660756826400757,
        "max_z": 1.4797550439834595,
        "min_z": -0.1323947310447693,
        "range": 1.612149715423584
      },
      {
        "term": "equality",
        "std": 0.5334155559539795,
        "max_z": -0.24138332903385162,
        "min_z": -2.321779727935791,
        "range": 2.0803964138031006
      },
      {
        "term": "integrity",
        "std": 0.5222927331924438,
        "max_z": 0.5029837489128113,
        "min_z": -1.2589019536972046,
        "range": 1.761885643005371
      },
      {
        "term": "compassion",
        "std": 0.5160698890686035,
        "max_z": 1.1946879625320435,
        "min_z": -0.6288102269172668,
        "range": 1.823498249053955
      },
      {
        "term": "oppression",
        "std": 0.4598379135131836,
        "max_z": 1.214186429977417,
        "min_z": -0.4437495768070221,
        "range": 1.6579359769821167
      },
      {
        "term": "fairness",
        "std": 0.3078896999359131,
        "max_z": 1.038847804069519,
        "min_z": -0.2055068016052246,
        "range": 1.2443546056747437
      }
    ],
    "cosine_matrix": {
      "terms": [
        "accountability",
        "bravery",
        "compassion",
        "courage",
        "creativity",
        "cruelty",
        "efficiency",
        "empathy",
        "equality",
        "equity",
        "fairness",
        "freedom",
        "honesty",
        "humility",
        "innovation",
        "integrity",
        "justice",
        "loyalty",
        "openness",
        "oppression",
        "resilience",
        "responsibility",
        "secrecy",
        "tradition",
        "transparency",
        "wisdom"
      ],
      "matrix": [
        [
          1.0,
          0.6709734797477722,
          0.18108640611171722,
          0.4066081941127777,
          0.5556357502937317,
          0.2786791920661926,
          -0.07383158802986145,
          0.4081914722919464,
          -0.8744215369224548,
          0.11054299026727676,
          0.4719501733779907,
          -0.6661361455917358,
          0.7767550945281982,
          -0.8066154718399048,
          -0.3022173345088959,
          -0.4215013384819031,
          0.1622079461812973,
          -0.29130762815475464,
          0.18836967647075653,
          0.6035745143890381,
          -0.34952831268310547,
          0.43061363697052,
          -0.5730573534965515,
          -0.610730767250061,
          0.7732864618301392,
          -0.8240011930465698
        ],
        [
          0.6709734797477722,
          0.9999999403953552,
          0.39384084939956665,
          0.8329793810844421,
          0.2543478310108185,
          0.07341645658016205,
          -0.46499982476234436,
          0.39251554012298584,
          -0.8101586699485779,
          -0.14038720726966858,
          0.45516130328178406,
          -0.7485745549201965,
          0.7525279521942139,
          -0.40920183062553406,
          -0.28094446659088135,
          -0.3332650661468506,
          0.30873334407806396,
          -0.2975820004940033,
          0.1893768310546875,
          0.5223310589790344,
          -0.37388166785240173,
          0.25834453105926514,
          -0.5981687307357788,
          -0.11463955789804459,
          0.458271324634552,
          -0.5641776323318481
        ],
        [
          0.18108640611171722,
          0.39384084939956665,
          0.9999999403953552,
          0.5213031768798828,
          -0.0861385315656662,
          0.50834721326828,
          -0.5295924544334412,
          0.7171726226806641,
          -0.25549519062042236,
          -0.24860790371894836,
          0.1089261993765831,
          -0.30414673686027527,
          0.34387221932411194,
          0.09420055896043777,
          -0.546883225440979,
          -0.0214251596480608,
          0.7369408011436462,
          -0.03699135035276413,
          -0.5064946413040161,
          0.09220453351736069,
          -0.2884441316127777,
          -0.040204018354415894,
          -0.21969832479953766,
          -0.19902263581752777,
          -0.17482410371303558,
          -0.11554993689060211
        ],
        [
          0.4066081941127777,
          0.8329793810844421,
          0.5213031768798828,
          0.9999999403953552,
          0.20658329129219055,
          0.1457604169845581,
          -0.6850801110267639,
          0.4219517707824707,
          -0.6267797350883484,
          -0.32193371653556824,
          0.02638641558587551,
          -0.6686380505561829,
          0.7363547682762146,
          0.030604830011725426,
          -0.38270285725593567,
          -0.15124620497226715,
          0.3881685435771942,
          0.0664943978190422,
          0.007131021469831467,
          0.3289323151111603,
          -0.48831817507743835,
          0.04815628379583359,
          -0.48887157440185547,
          0.039958808571100235,
          0.07562001049518585,
          -0.26451459527015686
        ],
        [
          0.5556357502937317,
          0.2543478310108185,
          -0.0861385315656662,
          0.20658329129219055,
          1.0000001192092896,
          0.07474280893802643,
          0.4702523946762085,
          0.008801835589110851,
          -0.5825760364532471,
          0.2630874812602997,
          0.18867872655391693,
          -0.7434890866279602,
          0.5495690107345581,
          -0.4698755145072937,
          0.27980712056159973,
          -0.7062638401985168,
          0.08572620898485184,
          -0.08709493279457092,
          0.12638963758945465,
          0.5537105202674866,
          -0.13169699907302856,
          0.026129456236958504,
          -0.8070196509361267,
          -0.005356033332645893,
          0.49590829014778137,
          -0.5633098483085632
        ],
        [
          0.2786791920661926,
          0.07341645658016205,
          0.50834721326828,
          0.1457604169845581,
          0.07474280893802643,
          1.0000001192092896,
          -0.07059366255998611,
          0.293565571308136,
          -0.200827956199646,
          0.0893794521689415,
          -0.1958385407924652,
          -0.19343096017837524,
          0.11206060647964478,
          -0.2586970031261444,
          -0.3631669580936432,
          -0.023387374356389046,
          0.5488253831863403,
          -0.2925865948200226,
          -0.3420617878437042,
          0.33481350541114807,
          0.08949872106313705,
          -0.16788624227046967,
          -0.05423613265156746,
          -0.43597155809402466,
          0.14090050756931305,
          -0.3974290192127228
        ],
        [
          -0.07383158802986145,
          -0.46499982476234436,
          -0.5295924544334412,
          -0.6850801110267639,
          0.4702523946762085,
          -0.07059366255998611,
          1.000000238418579,
          -0.47966527938842773,
          0.14227479696273804,
          0.5470981001853943,
          0.16272392868995667,
          0.024490782991051674,
          -0.39213064312934875,
          -0.3368271291255951,
          0.6906446218490601,
          -0.4683808982372284,
          -0.22271955013275146,
          -0.34529805183410645,
          0.14675146341323853,
          0.22026684880256653,
          0.5141599178314209,
          -0.055766068398952484,
          -0.2355947047472,
          0.13741303980350494,
          0.26408839225769043,
          -0.16281957924365997
        ],
        [
          0.4081914722919464,
          0.39251554012298584,
          0.7171726226806641,
          0.4219517707824707,
          0.008801835589110851,
          0.293565571308136,
          -0.47966527938842773,
          1.0000001192092896,
          -0.34849050641059875,
          -0.5742955207824707,
          0.02550855092704296,
          -0.3366704285144806,
          0.5384863018989563,
          0.0145999351516366,
          -0.6837427020072937,
          -0.051879387348890305,
          0.43195056915283203,
          0.2288997918367386,
          -0.6495164036750793,
          0.07653506100177765,
          -0.3601226210594177,
          0.1547023355960846,
          -0.12383405864238739,
          -0.5755456686019897,
          0.08381890505552292,
          -0.06549982726573944
        ],
        [
          -0.8744215369224548,
          -0.8101586699485779,
          -0.25549519062042236,
          -0.6267797350883484,
          -0.5825760364532471,
          -0.200827956199646,
          0.14227479696273804,
          -0.34849050641059875,
          0.9999998807907104,
          -0.020152106881141663,
          -0.49706384539604187,
          0.8578744530677795,
          -0.8370827436447144,
          0.6355963349342346,
          0.2310331165790558,
          0.464147686958313,
          -0.11422030627727509,
          0.37675535678863525,
          -0.30583804845809937,
          -0.7325717210769653,
          0.20301514863967896,
          -0.34579816460609436,
          0.7493042945861816,
          0.3377287685871124,
          -0.7141320109367371,
          0.706304132938385
        ],
        [
          0.11054299026727676,
          -0.14038720726966858,
          -0.24860790371894836,
          -0.32193371653556824,
          0.2630874812602997,
          0.0893794521689415,
          0.5470981001853943,
          -0.5742955207824707,
          -0.020152106881141663,
          0.9999999403953552,
          0.3305874168872833,
          0.0664958655834198,
          -0.2939435541629791,
          -0.5408111810684204,
          0.6705678105354309,
          -0.23757699131965637,
          -0.07050430029630661,
          -0.6171064972877502,
          0.505874514579773,
          0.17036528885364532,
          0.25777360796928406,
          -0.08156783878803253,
          -0.31245627999305725,
          0.02666475996375084,
          0.25374695658683777,
          -0.3979661464691162
        ],
        [
          0.4719501733779907,
          0.45516130328178406,
          0.1089261993765831,
          0.02638641558587551,
          0.18867872655391693,
          -0.1958385407924652,
          0.16272392868995667,
          0.02550855092704296,
          -0.49706384539604187,
          0.3305874168872833,
          1.0,
          -0.3385715186595917,
          0.2222936749458313,
          -0.6107962131500244,
          0.14418520033359528,
          -0.48616665601730347,
          0.023136906325817108,
          -0.5327167510986328,
          0.3108864426612854,
          0.5052592754364014,
          -0.13050048053264618,
          0.4074549376964569,
          -0.47410014271736145,
          -0.013729342259466648,
          0.5971661806106567,
          -0.5911377668380737
        ],
        [
          -0.6661361455917358,
          -0.7485745549201965,
          -0.30414673686027527,
          -0.6686380505561829,
          -0.7434890866279602,
          -0.19343096017837524,
          0.024490782991051674,
          -0.3366704285144806,
          0.8578744530677795,
          0.0664958655834198,
          -0.3385715186595917,
          1.000000238418579,
          -0.8189932703971863,
          0.43562957644462585,
          0.03160887211561203,
          0.6045786738395691,
          -0.2274980992078781,
          0.23488612473011017,
          -0.06951526552438736,
          -0.7088829278945923,
          0.1755792647600174,
          0.017172235995531082,
          0.8402896523475647,
          0.04787984490394592,
          -0.5785365104675293,
          0.5904470086097717
        ],
        [
          0.7767550945281982,
          0.7525279521942139,
          0.34387221932411194,
          0.7363547682762146,
          0.5495690107345581,
          0.11206060647964478,
          -0.39213064312934875,
          0.5384863018989563,
          -0.8370827436447144,
          -0.2939435541629791,
          0.2222936749458313,
          -0.8189932703971863,
          1.0000001192092896,
          -0.3680419921875,
          -0.4174045920372009,
          -0.2335071861743927,
          0.12314900010824203,
          0.11674781143665314,
          0.02788371965289116,
          0.39490577578544617,
          -0.5120487213134766,
          0.14778482913970947,
          -0.555072546005249,
          -0.32162368297576904,
          0.5139667391777039,
          -0.5018746852874756
        ],
        [
          -0.8066154718399048,
          -0.40920183062553406,
          0.09420055896043777,
          0.030604830011725426,
          -0.4698755145072937,
          -0.2586970031261444,
          -0.3368271291255951,
          0.0145999351516366,
          0.6355963349342346,
          -0.5408111810684204,
          -0.6107962131500244,
          0.43562957644462585,
          -0.3680419921875,
          1.0,
          -0.12289255857467651,
          0.3954865336418152,
          0.020560983568429947,
          0.6508181691169739,
          -0.4021156132221222,
          -0.5498971343040466,
          -0.039238352328538895,
          -0.2556045353412628,
          0.4665730595588684,
          0.49370259046554565,
          -0.8499619364738464,
          0.8447909355163574
        ],
        [
          -0.3022173345088959,
          -0.28094446659088135,
          -0.546883225440979,
          -0.38270285725593567,
          0.27980712056159973,
          -0.3631669580936432,
          0.6906446218490601,
          -0.6837427020072937,
          0.2310331165790558,
          0.6705678105354309,
          0.14418520033359528,
          0.03160887211561203,
          -0.4174045920372009,
          -0.12289255857467651,
          1.0,
          -0.31855690479278564,
          -0.37752285599708557,
          -0.33029258251190186,
          0.37309321761131287,
          0.06880687922239304,
          0.4305461049079895,
          -0.41011321544647217,
          -0.25033804774284363,
          0.46466687321662903,
          0.1052100732922554,
          0.038336172699928284
        ],
        [
          -0.4215013384819031,
          -0.3332650661468506,
          -0.0214251596480608,
          -0.15124620497226715,
          -0.7062638401985168,
          -0.023387374356389046,
          -0.4683808982372284,
          -0.051879387348890305,
          0.464147686958313,
          -0.23757699131965637,
          -0.48616665601730347,
          0.6045786738395691,
          -0.2335071861743927,
          0.3954865336418152,
          -0.31855690479278564,
          1.0,
          -0.3566083610057831,
          0.3080499470233917,
          0.015484035015106201,
          -0.782858669757843,
          0.11649613082408905,
          -0.26454588770866394,
          0.7893676161766052,
          -0.15800857543945312,
          -0.4204511046409607,
          0.5908580422401428
        ],
        [
          0.1622079461812973,
          0.30873334407806396,
          0.7369408011436462,
          0.3881685435771942,
          0.08572620898485184,
          0.5488253831863403,
          -0.22271955013275146,
          0.43195056915283203,
          -0.11422030627727509,
          -0.07050430029630661,
          0.023136906325817108,
          -0.2274980992078781,
          0.12314900010824203,
          0.020560983568429947,
          -0.37752285599708557,
          -0.3566083610057831,
          1.0,
          -0.07603509724140167,
          -0.4880722463130951,
          0.22765284776687622,
          -0.35210803151130676,
          0.156318798661232,
          -0.29243767261505127,
          0.011961839161813259,
          -0.2526817321777344,
          -0.3238052427768707
        ],
        [
          -0.29130762815475464,
          -0.2975820004940033,
          -0.03699135035276413,
          0.0664943978190422,
          -0.08709493279457092,
          -0.2925865948200226,
          -0.34529805183410645,
          0.2288997918367386,
          0.37675535678863525,
          -0.6171064972877502,
          -0.5327167510986328,
          0.23488612473011017,
          0.11674781143665314,
          0.6508181691169739,
          -0.33029258251190186,
          0.3080499470233917,
          -0.07603509724140167,
          0.9999999403953552,
          -0.4719986021518707,
          -0.5207532644271851,
          -0.5543097853660583,
          -0.080848827958107,
          0.39755403995513916,
          0.12089087814092636,
          -0.451028048992157,
          0.4704698324203491
        ],
        [
          0.18836967647075653,
          0.1893768310546875,
          -0.5064946413040161,
          0.007131021469831467,
          0.12638963758945465,
          -0.3420617878437042,
          0.14675146341323853,
          -0.6495164036750793,
          -0.30583804845809937,
          0.505874514579773,
          0.3108864426612854,
          -0.06951526552438736,
          0.02788371965289116,
          -0.4021156132221222,
          0.37309321761131287,
          0.015484035015106201,
          -0.4880722463130951,
          -0.4719986021518707,
          1.0,
          0.16528725624084473,
          0.25891467928886414,
          0.20322030782699585,
          -0.2115912139415741,
          0.16005229949951172,
          0.2765509784221649,
          -0.1993926614522934
        ],
        [
          0.6035745143890381,
          0.5223310589790344,
          0.09220453351736069,
          0.3289323151111603,
          0.5537105202674866,
          0.33481350541114807,
          0.22026684880256653,
          0.07653506100177765,
          -0.7325717210769653,
          0.17036528885364532,
          0.5052592754364014,
          -0.7088829278945923,
          0.39490577578544617,
          -0.5498971343040466,
          0.06880687922239304,
          -0.782858669757843,
          0.22765284776687622,
          -0.5207532644271851,
          0.16528725624084473,
          1.0,
          0.00688127800822258,
          0.25806525349617004,
          -0.6996375918388367,
          -0.06784269213676453,
          0.6697930693626404,
          -0.7328561544418335
        ],
        [
          -0.34952831268310547,
          -0.37388166785240173,
          -0.2884441316127777,
          -0.48831817507743835,
          -0.13169699907302856,
          0.08949872106313705,
          0.5141599178314209,
          -0.3601226210594177,
          0.20301514863967896,
          0.25777360796928406,
          -0.13050048053264618,
          0.1755792647600174,
          -0.5120487213134766,
          -0.039238352328538895,
          0.4305461049079895,
          0.11649613082408905,
          -0.35210803151130676,
          -0.5543097853660583,
          0.25891467928886414,
          0.00688127800822258,
          1.0000001192092896,
          -0.31108489632606506,
          0.11787030100822449,
          0.026444997638463974,
          -0.01560949720442295,
          0.3184351325035095
        ],
        [
          0.43061363697052,
          0.25834453105926514,
          -0.040204018354415894,
          0.04815628379583359,
          0.026129456236958504,
          -0.16788624227046967,
          -0.055766068398952484,
          0.1547023355960846,
          -0.34579816460609436,
          -0.08156783878803253,
          0.4074549376964569,
          0.017172235995531082,
          0.14778482913970947,
          -0.2556045353412628,
          -0.41011321544647217,
          -0.26454588770866394,
          0.156318798661232,
          -0.080848827958107,
          0.20322030782699585,
          0.25806525349617004,
          -0.31108489632606506,
          1.0,
          -0.16147494316101074,
          -0.21983051300048828,
          0.16145220398902893,
          -0.33294615149497986
        ],
        [
          -0.5730573534965515,
          -0.5981687307357788,
          -0.21969832479953766,
          -0.48887157440185547,
          -0.8070196509361267,
          -0.05423613265156746,
          -0.2355947047472,
          -0.12383405864238739,
          0.7493042945861816,
          -0.31245627999305725,
          -0.47410014271736145,
          0.8402896523475647,
          -0.555072546005249,
          0.4665730595588684,
          -0.25033804774284363,
          0.7893676161766052,
          -0.29243767261505127,
          0.39755403995513916,
          -0.2115912139415741,
          -0.6996375918388367,
          0.11787030100822449,
          -0.16147494316101074,
          1.0,
          -0.08105822652578354,
          -0.4576159417629242,
          0.6050269603729248
        ],
        [
          -0.610730767250061,
          -0.11463955789804459,
          -0.19902263581752777,
          0.039958808571100235,
          -0.005356033332645893,
          -0.43597155809402466,
          0.13741303980350494,
          -0.5755456686019897,
          0.3377287685871124,
          0.02666475996375084,
          -0.013729342259466648,
          0.04787984490394592,
          -0.32162368297576904,
          0.49370259046554565,
          0.46466687321662903,
          -0.15800857543945312,
          0.011961839161813259,
          0.12089087814092636,
          0.16005229949951172,
          -0.06784269213676453,
          0.026444997638463974,
          -0.21983051300048828,
          -0.08105822652578354,
          0.9999998807907104,
          -0.43351295590400696,
          0.2772831916809082
        ],
        [
          0.7732864618301392,
          0.458271324634552,
          -0.17482410371303558,
          0.07562001049518585,
          0.49590829014778137,
          0.14090050756931305,
          0.26408839225769043,
          0.08381890505552292,
          -0.7141320109367371,
          0.25374695658683777,
          0.5971661806106567,
          -0.5785365104675293,
          0.5139667391777039,
          -0.8499619364738464,
          0.1052100732922554,
          -0.4204511046409607,
          -0.2526817321777344,
          -0.451028048992157,
          0.2765509784221649,
          0.6697930693626404,
          -0.01560949720442295,
          0.16145220398902893,
          -0.4576159417629242,
          -0.43351295590400696,
          1.0000001192092896,
          -0.7582632303237915
        ],
        [
          -0.8240011930465698,
          -0.5641776323318481,
          -0.11554993689060211,
          -0.26451459527015686,
          -0.5633098483085632,
          -0.3974290192127228,
          -0.16281957924365997,
          -0.06549982726573944,
          0.706304132938385,
          -0.3979661464691162,
          -0.5911377668380737,
          0.5904470086097717,
          -0.5018746852874756,
          0.8447909355163574,
          0.038336172699928284,
          0.5908580422401428,
          -0.3238052427768707,
          0.4704698324203491,
          -0.1993926614522934,
          -0.7328561544418335,
          0.3184351325035095,
          -0.33294615149497986,
          0.6050269603729248,
          0.2772831916809082,
          -0.7582632303237915,
          0.9999999403953552
        ]
      ]
    }
  },
  "tuned_analysis": {
    "label": "Tuned (Qwen2.5-0.5B-Instruct)",
    "n_prompts": 12,
    "n_terms": 26,
    "pr_ceiling": 12,
    "participation_ratio": 5.2631378173828125,
    "mean_off_diagonal_cosine": -0.03574260324239731,
    "eigenspectrum_top5": [
      8.442427635192871,
      6.011655807495117,
      2.838569164276123,
      2.273137331008911,
      1.6847087144851685
    ],
    "value_spread": 1.0,
    "neutral_spread": 1.0,
    "spread_ratio": 1.0,
    "prompt_accuracy": [
      {
        "prompt": 0,
        "expected_term": "honesty",
        "z_score": 2.680492639541626,
        "rank": 0,
        "top_term": "honesty",
        "top_z": 2.680492639541626
      },
      {
        "prompt": 0,
        "expected_term": "loyalty",
        "z_score": 1.1456090211868286,
        "rank": 2,
        "top_term": "honesty",
        "top_z": 2.680492639541626
      },
      {
        "prompt": 1,
        "expected_term": "justice",
        "z_score": 1.3744443655014038,
        "rank": 2,
        "top_term": "compassion",
        "top_z": 1.679566740989685
      },
      {
        "prompt": 1,
        "expected_term": "compassion",
        "z_score": 1.679566740989685,
        "rank": 0,
        "top_term": "compassion",
        "top_z": 1.679566740989685
      },
      {
        "prompt": 2,
        "expected_term": "freedom",
        "z_score": -0.4820064902305603,
        "rank": 17,
        "top_term": "accountability",
        "top_z": 2.118340253829956
      },
      {
        "prompt": 2,
        "expected_term": "responsibility",
        "z_score": 1.63044273853302,
        "rank": 1,
        "top_term": "accountability",
        "top_z": 2.118340253829956
      },
      {
        "prompt": 3,
        "expected_term": "transparency",
        "z_score": 2.427006244659424,
        "rank": 0,
        "top_term": "transparency",
        "top_z": 2.427006244659424
      },
      {
        "prompt": 3,
        "expected_term": "secrecy",
        "z_score": 0.3603309392929077,
        "rank": 8,
        "top_term": "transparency",
        "top_z": 2.427006244659424
      },
      {
        "prompt": 4,
        "expected_term": "equality",
        "z_score": -1.484729290008545,
        "rank": 22,
        "top_term": "courage",
        "top_z": 1.6804420948028564
      },
      {
        "prompt": 4,
        "expected_term": "tradition",
        "z_score": 1.3407105207443237,
        "rank": 2,
        "top_term": "courage",
        "top_z": 1.6804420948028564
      },
      {
        "prompt": 5,
        "expected_term": "courage",
        "z_score": 1.1680302619934082,
        "rank": 2,
        "top_term": "accountability",
        "top_z": 1.8720823526382446
      },
      {
        "prompt": 6,
        "expected_term": "innovation",
        "z_score": 1.9132537841796875,
        "rank": 0,
        "top_term": "innovation",
        "top_z": 1.9132537841796875
      },
      {
        "prompt": 6,
        "expected_term": "efficiency",
        "z_score": 1.9051988124847412,
        "rank": 1,
        "top_term": "innovation",
        "top_z": 1.9132537841796875
      },
      {
        "prompt": 7,
        "expected_term": "freedom",
        "z_score": 0.8959747552871704,
        "rank": 4,
        "top_term": "equity",
        "top_z": 2.050077199935913
      },
      {
        "prompt": 7,
        "expected_term": "equality",
        "z_score": -0.8959850668907166,
        "rank": 22,
        "top_term": "equity",
        "top_z": 2.050077199935913
      },
      {
        "prompt": 8,
        "expected_term": "compassion",
        "z_score": 1.1755470037460327,
        "rank": 4,
        "top_term": "courage",
        "top_z": 1.328845739364624
      },
      {
        "prompt": 8,
        "expected_term": "accountability",
        "z_score": 1.2947039604187012,
        "rank": 1,
        "top_term": "courage",
        "top_z": 1.328845739364624
      },
      {
        "prompt": 9,
        "expected_term": "responsibility",
        "z_score": -0.22701482474803925,
        "rank": 15,
        "top_term": "resilience",
        "top_z": 1.866714358329773
      }
    ],
    "per_term_discrimination": [
      {
        "term": "efficiency",
        "std": 1.2651970386505127,
        "max_z": 1.9051988124847412,
        "min_z": -2.3512115478515625,
        "range": 4.256410598754883
      },
      {
        "term": "loyalty",
        "std": 1.0449174642562866,
        "max_z": 1.2335456609725952,
        "min_z": -2.015329599380493,
        "range": 3.248875141143799
      },
      {
        "term": "innovation",
        "std": 1.0078699588775635,
        "max_z": 1.9132537841796875,
        "min_z": -1.3976757526397705,
        "range": 3.310929536819458
      },
      {
        "term": "resilience",
        "std": 0.9964178800582886,
        "max_z": 1.866714358329773,
        "min_z": -1.0296344757080078,
        "range": 2.8963489532470703
      },
      {
        "term": "secrecy",
        "std": 0.9512865543365479,
        "max_z": 0.550035297870636,
        "min_z": -2.4432320594787598,
        "range": 2.993267297744751
      },
      {
        "term": "honesty",
        "std": 0.943043053150177,
        "max_z": 2.680492639541626,
        "min_z": -0.5830649137496948,
        "range": 3.2635574340820312
      },
      {
        "term": "justice",
        "std": 0.89387047290802,
        "max_z": 1.3744443655014038,
        "min_z": -1.6669774055480957,
        "range": 3.041421890258789
      },
      {
        "term": "courage",
        "std": 0.8774436116218567,
        "max_z": 1.6804420948028564,
        "min_z": -0.8580088019371033,
        "range": 2.5384509563446045
      },
      {
        "term": "transparency",
        "std": 0.8646582365036011,
        "max_z": 2.427006244659424,
        "min_z": -0.4309851825237274,
        "range": 2.8579914569854736
      },
      {
        "term": "equity",
        "std": 0.8365135788917542,
        "max_z": 2.050077199935913,
        "min_z": -0.9572045803070068,
        "range": 3.00728178024292
      },
      {
        "term": "wisdom",
        "std": 0.7764292359352112,
        "max_z": 0.9808362126350403,
        "min_z": -1.8661891222000122,
        "range": 2.8470253944396973
      },
      {
        "term": "bravery",
        "std": 0.7268052697181702,
        "max_z": 1.7544797658920288,
        "min_z": -0.5828952193260193,
        "range": 2.3373749256134033
      },
      {
        "term": "tradition",
        "std": 0.7241590619087219,
        "max_z": 1.3407105207443237,
        "min_z": -1.4953182935714722,
        "range": 2.836028814315796
      },
      {
        "term": "freedom",
        "std": 0.7007787823677063,
        "max_z": 0.8959747552871704,
        "min_z": -1.5844210386276245,
        "range": 2.480395793914795
      },
      {
        "term": "cruelty",
        "std": 0.671109676361084,
        "max_z": 1.5313515663146973,
        "min_z": -1.0906307697296143,
        "range": 2.6219823360443115
      },
      {
        "term": "empathy",
        "std": 0.6643204689025879,
        "max_z": 1.3277817964553833,
        "min_z": -0.7838781476020813,
        "range": 2.1116600036621094
      },
      {
        "term": "responsibility",
        "std": 0.646809458732605,
        "max_z": 1.63044273853302,
        "min_z": -0.6918880343437195,
        "range": 2.3223307132720947
      },
      {
        "term": "openness",
        "std": 0.6281672120094299,
        "max_z": 1.250355839729309,
        "min_z": -1.1701819896697998,
        "range": 2.4205379486083984
      },
      {
        "term": "integrity",
        "std": 0.6267987489700317,
        "max_z": 0.44714486598968506,
        "min_z": -1.7022721767425537,
        "range": 2.149416923522949
      },
      {
        "term": "accountability",
        "std": 0.6165243983268738,
        "max_z": 2.118340253829956,
        "min_z": -0.04205617308616638,
        "range": 2.1603963375091553
      },
      {
        "term": "creativity",
        "std": 0.598358154296875,
        "max_z": 1.5441770553588867,
        "min_z": -0.3266083002090454,
        "range": 1.8707853555679321
      },
      {
        "term": "equality",
        "std": 0.587773323059082,
        "max_z": -0.31905147433280945,
