{
  "experiment": "probe_transfer",
  "base_model": "openai-community/gpt2",
  "tuned_model": "openai-community/gpt2",
  "hidden_dim": 768,
  "num_layers": 12,
  "num_terms": 26,
  "terms": [
    "accountability",
    "bravery",
    "compassion",
    "courage",
    "creativity",
    "cruelty",
    "efficiency",
    "empathy",
    "equality",
    "equity",
    "fairness",
    "freedom",
    "honesty",
    "humility",
    "innovation",
    "integrity",
    "justice",
    "loyalty",
    "openness",
    "oppression",
    "resilience",
    "responsibility",
    "secrecy",
    "tradition",
    "transparency",
    "wisdom"
  ],
  "base_analysis": {
    "label": "Base (gpt2)",
    "n_prompts": 12,
    "n_terms": 26,
    "pr_ceiling": 12,
    "participation_ratio": 1.3930156230926514,
    "mean_off_diagonal_cosine": -0.024806980043649673,
    "eigenspectrum_top5": [
      21.921337127685547,
      1.777992844581604,
      1.0506848096847534,
      0.5770487189292908,
      0.3203091323375702
    ],
    "value_spread": 1.0,
    "neutral_spread": 1.0,
    "spread_ratio": 1.0,
    "prompt_accuracy": [
      {
        "prompt": 0,
        "expected_term": "honesty",
        "z_score": 0.592392086982727,
        "rank": 8,
        "top_term": "tradition",
        "top_z": 1.821031928062439
      },
      {
        "prompt": 0,
        "expected_term": "loyalty",
        "z_score": 0.9869993329048157,
        "rank": 4,
        "top_term": "tradition",
        "top_z": 1.821031928062439
      },
      {
        "prompt": 1,
        "expected_term": "justice",
        "z_score": -1.0395514965057373,
        "rank": 22,
        "top_term": "responsibility",
        "top_z": 1.9785716533660889
      },
      {
        "prompt": 1,
        "expected_term": "compassion",
        "z_score": 0.2519083023071289,
        "rank": 10,
        "top_term": "responsibility",
        "top_z": 1.9785716533660889
      },
      {
        "prompt": 2,
        "expected_term": "freedom",
        "z_score": -0.5289177894592285,
        "rank": 19,
        "top_term": "responsibility",
        "top_z": 1.9747450351715088
      },
      {
        "prompt": 2,
        "expected_term": "responsibility",
        "z_score": 1.9747450351715088,
        "rank": 0,
        "top_term": "responsibility",
        "top_z": 1.9747450351715088
      },
      {
        "prompt": 3,
        "expected_term": "transparency",
        "z_score": 1.1516814231872559,
        "rank": 4,
        "top_term": "responsibility",
        "top_z": 1.7348624467849731
      },
      {
        "prompt": 3,
        "expected_term": "secrecy",
        "z_score": 0.24530775845050812,
        "rank": 10,
        "top_term": "responsibility",
        "top_z": 1.7348624467849731
      },
      {
        "prompt": 4,
        "expected_term": "equality",
        "z_score": -1.8564740419387817,
        "rank": 24,
        "top_term": "tradition",
        "top_z": 2.2300729751586914
      },
      {
        "prompt": 4,
        "expected_term": "tradition",
        "z_score": 2.2300729751586914,
        "rank": 0,
        "top_term": "tradition",
        "top_z": 2.2300729751586914
      },
      {
        "prompt": 5,
        "expected_term": "courage",
        "z_score": 0.8457294702529907,
        "rank": 5,
        "top_term": "responsibility",
        "top_z": 2.0516879558563232
      },
      {
        "prompt": 6,
        "expected_term": "innovation",
        "z_score": 1.4785722494125366,
        "rank": 2,
        "top_term": "responsibility",
        "top_z": 1.8151040077209473
      },
      {
        "prompt": 6,
        "expected_term": "efficiency",
        "z_score": -1.2686002254486084,
        "rank": 23,
        "top_term": "responsibility",
        "top_z": 1.8151040077209473
      },
      {
        "prompt": 7,
        "expected_term": "freedom",
        "z_score": -0.5394800901412964,
        "rank": 18,
        "top_term": "responsibility",
        "top_z": 2.0195977687835693
      },
      {
        "prompt": 7,
        "expected_term": "equality",
        "z_score": -1.9414726495742798,
        "rank": 24,
        "top_term": "responsibility",
        "top_z": 2.0195977687835693
      },
      {
        "prompt": 8,
        "expected_term": "compassion",
        "z_score": 0.1466836929321289,
        "rank": 11,
        "top_term": "responsibility",
        "top_z": 2.0013530254364014
      },
      {
        "prompt": 8,
        "expected_term": "accountability",
        "z_score": -0.06404876708984375,
        "rank": 13,
        "top_term": "responsibility",
        "top_z": 2.0013530254364014
      },
      {
        "prompt": 9,
        "expected_term": "responsibility",
        "z_score": 1.7124450206756592,
        "rank": 1,
        "top_term": "tradition",
        "top_z": 2.0473365783691406
      }
    ],
    "per_term_discrimination": [
      {
        "term": "efficiency",
        "std": 0.24094213545322418,
        "max_z": -1.2686002254486084,
        "min_z": -2.0650408267974854,
        "range": 0.796440601348877
      },
      {
        "term": "innovation",
        "std": 0.2013639509677887,
        "max_z": 1.4785722494125366,
        "min_z": 0.8143247961997986,
        "range": 0.664247453212738
      },
      {
        "term": "secrecy",
        "std": 0.20057544112205505,
        "max_z": 0.24530775845050812,
        "min_z": -0.4165571630001068,
        "range": 0.6618649363517761
      },
      {
        "term": "justice",
        "std": 0.18413737416267395,
        "max_z": -1.0017008781433105,
        "min_z": -1.5671442747116089,
        "range": 0.5654433965682983
      },
      {
        "term": "cruelty",
        "std": 0.17244699597358704,
        "max_z": 0.2307594269514084,
        "min_z": -0.36749961972236633,
        "range": 0.5982590317726135
      },
      {
        "term": "humility",
        "std": 0.17048634588718414,
        "max_z": -0.6021134853363037,
        "min_z": -1.1497597694396973,
        "range": 0.5476462841033936
      },
      {
        "term": "honesty",
        "std": 0.16757836937904358,
        "max_z": 0.592392086982727,
        "min_z": -0.009334663860499859,
        "range": 0.601726770401001
      },
      {
        "term": "courage",
        "std": 0.1659589260816574,
        "max_z": 0.9144613742828369,
        "min_z": 0.42373326420783997,
        "range": 0.49072811007499695
      },
      {
        "term": "bravery",
        "std": 0.16522742807865143,
        "max_z": -0.6545058488845825,
        "min_z": -1.126409888267517,
        "range": 0.47190403938293457
      },
      {
        "term": "transparency",
        "std": 0.16270636022090912,
        "max_z": 1.1516814231872559,
        "min_z": 0.5264256000518799,
        "range": 0.625255823135376
      },
      {
        "term": "loyalty",
        "std": 0.15904060006141663,
        "max_z": 0.9869993329048157,
        "min_z": 0.49125564098358154,
        "range": 0.49574369192123413
      },
      {
        "term": "equity",
        "std": 0.14764626324176788,
        "max_z": 0.7586091160774231,
        "min_z": 0.30097639560699463,
        "range": 0.45763272047042847
      },
      {
        "term": "openness",
        "std": 0.14759331941604614,
        "max_z": -0.1665714532136917,
        "min_z": -0.6855714321136475,
        "range": 0.5189999938011169
      },
      {
        "term": "tradition",
        "std": 0.1456119269132614,
        "max_z": 2.2300729751586914,
        "min_z": 1.6998249292373657,
        "range": 0.5302480459213257
      },
      {
        "term": "responsibility",
        "std": 0.14155015349388123,
        "max_z": 2.0516879558563232,
        "min_z": 1.6877057552337646,
        "range": 0.3639822006225586
      },
      {
        "term": "creativity",
        "std": 0.14070375263690948,
        "max_z": 0.6965408325195312,
        "min_z": 0.2449268400669098,
        "range": 0.45161399245262146
      },
      {
        "term": "resilience",
        "std": 0.13823464512825012,
        "max_z": -0.28596556186676025,
        "min_z": -0.7002425789833069,
        "range": 0.41427701711654663
      },
      {
        "term": "wisdom",
        "std": 0.13729584217071533,
        "max_z": 1.5322476625442505,
        "min_z": 1.0355664491653442,
        "range": 0.49668121337890625
      },
      {
        "term": "compassion",
        "std": 0.1369778960943222,
        "max_z": 0.2519083023071289,
        "min_z": -0.2512342035770416,
        "range": 0.5031424760818481
      },
      {
        "term": "freedom",
        "std": 0.12381163239479065,
        "max_z": -0.5289177894592285,
        "min_z": -0.9006391167640686,
        "range": 0.3717213273048401
      },
      {
        "term": "equality",
        "std": 0.12067714333534241,
        "max_z": -1.8564740419387817,
        "min_z": -2.251753091812134,
        "range": 0.39527904987335205
      },
      {
        "term": "oppression",
        "std": 0.10943183302879333,
        "max_z": -0.32796141505241394,
        "min_z": -0.6752969026565552,
        "range": 0.34733548760414124
      },
      {
        "term": "accountability",
        "std": 0.10034845024347305,
        "max_z": 0.028430677950382233,
        "min_z": -0.3080148994922638,
        "range": 0.33644556999206543
      },
      {
        "term": "integrity",
        "std": 0.09192635118961334,
        "max_z": 1.2079665660858154,
        "min_z": 0.8523522615432739,
        "range": 0.3556143045425415
      },
      {
        "term": "fairness",
        "std": 0.0852828323841095,
        "max_z": -0.19000498950481415,
        "min_z": -0.5363949537277222,
        "range": 0.3463899493217468
      },
      {
        "term": "empathy",
        "std": 0.07542089372873306,
        "max_z": -0.179267019033432,
        "min_z": -0.4711858630180359,
        "range": 0.2919188439846039
      }
    ],
    "cosine_matrix": {
      "terms": [
        "accountability",
        "bravery",
        "compassion",
        "courage",
        "creativity",
        "cruelty",
        "efficiency",
        "empathy",
        "equality",
        "equity",
        "fairness",
        "freedom",
        "honesty",
        "humility",
        "innovation",
        "integrity",
        "justice",
        "loyalty",
        "openness",
        "oppression",
        "resilience",
        "responsibility",
        "secrecy",
        "tradition",
        "transparency",
        "wisdom"
      ],
      "matrix": [
        [
          1.0000001192092896,
          0.7765660881996155,
          0.6193418502807617,
          -0.7447158098220825,
          -0.8630703091621399,
          0.665748119354248,
          0.7172709703445435,
          0.8493873476982117,
          0.7318879961967468,
          -0.7365835905075073,
          0.8425114750862122,
          0.7662028670310974,
          -0.28086715936660767,
          0.7255281805992126,
          -0.782208263874054,
          -0.7511709332466125,
          0.7824115753173828,
          -0.7569639682769775,
          0.6447106599807739,
          0.7834545969963074,
          0.6447883248329163,
          -0.728793203830719,
          0.48836660385131836,
          -0.8045669794082642,
          -0.7529012560844421,
          -0.8142349720001221
        ],
        [
          0.7765660881996155,
          1.0000001192092896,
          0.3419543504714966,
          -0.9311061501502991,
          -0.967199444770813,
          0.6257611513137817,
          0.9611433744430542,
          0.9357221126556396,
          0.9803045988082886,
          -0.9892216324806213,
          0.9568914175033569,
          0.9723142385482788,
          -0.5837826728820801,
          0.9881311655044556,
          -0.9890974760055542,
          -0.9837689399719238,
          0.9903269410133362,
          -0.9618170857429504,
          0.9322475790977478,
          0.973342776298523,
          0.9355069994926453,
          -0.9817427396774292,
          0.4371488392353058,
          -0.9804089069366455,
          -0.9777340292930603,
          -0.9763693809509277
        ],
        [
          0.6193418502807617,
          0.3419543504714966,
          0.9999999403953552,
          -0.2783434987068176,
          -0.43923524022102356,
          0.534221887588501,
          0.26438048481941223,
          0.5882028341293335,
          0.31262651085853577,
          -0.25106823444366455,
          0.37051934003829956,
          0.3322870433330536,
          0.057396963238716125,
          0.32311031222343445,
          -0.3824385404586792,
          -0.3692193031311035,
          0.4132620394229889,
          -0.2260209172964096,
          0.11151672899723053,
          0.3412861227989197,
          0.1601555198431015,
          -0.2982730269432068,
          -0.236526757478714,
          -0.379808634519577,
          -0.46079331636428833,
          -0.3724277913570404
        ],
        [
          -0.7447158098220825,
          -0.9311061501502991,
          -0.2783434987068176,
          0.9999998807907104,
          0.9068732857704163,
          -0.5848721861839294,
          -0.9863190054893494,
          -0.8909914493560791,
          -0.9740181565284729,
          0.9008200764656067,
          -0.9790627956390381,
          -0.9688969850540161,
          0.7031371593475342,
          -0.9377648234367371,
          0.929228663444519,
          0.9667278528213501,
          -0.9433718919754028,
          0.9647935032844543,
          -0.9509954452514648,
          -0.9238898754119873,
          -0.9763503670692444,
          0.971923828125,
          -0.4819411635398865,
          0.9670825600624084,
          0.9297603964805603,
          0.9776565432548523
        ],
        [
          -0.8630703091621399,
          -0.967199444770813,
          -0.43923524022102356,
          0.9068732857704163,
          0.9999999403953552,
          -0.636546790599823,
          -0.9104604125022888,
          -0.9209966063499451,
          -0.9354739189147949,
          0.9486409425735474,
          -0.9619529843330383,
          -0.9493352174758911,
          0.5270494222640991,
          -0.9385136961936951,
          0.9683012366294861,
          0.942562460899353,
          -0.9618122577667236,
          0.9452900290489197,
          -0.8954107165336609,
          -0.9651037454605103,
          -0.8926002383232117,
          0.9352031350135803,
          -0.4994986057281494,
          0.9490613341331482,
          0.939929723739624,
          0.9579309821128845
        ],
        [
          0.665748119354248,
          0.6257611513137817,
          0.534221887588501,
          -0.5848721861839294,
          -0.636546790599823,
          1.0,
          0.6230086088180542,
          0.6595322489738464,
          0.6232720613479614,
          -0.586260199546814,
          0.6152587532997131,
          0.5908482074737549,
          -0.46066805720329285,
          0.5454495549201965,
          -0.6637479662895203,
          -0.6362943053245544,
          0.6887230277061462,
          -0.6091047525405884,
          0.42362356185913086,
          0.6853209733963013,
          0.5279182195663452,
          -0.6000291705131531,
          0.033834200352430344,
          -0.63691246509552,
          -0.6448604464530945,
          -0.6639328002929688
        ],
        [
          0.7172709703445435,
          0.9611433744430542,
          0.26438048481941223,
          -0.9863190054893494,
          -0.9104604125022888,
          0.6230086088180542,
          1.0000001192092896,
          0.9065213799476624,
          0.9920422434806824,
          -0.9401986002922058,
          0.96672123670578,
          0.9734078645706177,
          -0.6940648555755615,
          0.9677539467811584,
          -0.9571940302848816,
          -0.9855027198791504,
          0.9702255725860596,
          -0.9686545133590698,
          0.9522908329963684,
          0.9458810687065125,
          0.9786197543144226,
          -0.9917372465133667,
          0.4344433546066284,
          -0.9829215407371521,
          -0.9560226202011108,
          -0.9841497540473938
        ],
        [
          0.8493873476982117,
          0.9357221126556396,
          0.5882028341293335,
          -0.8909914493560791,
          -0.9209966063499451,
          0.6595322489738464,
          0.9065213799476624,
          0.9999998807907104,
          0.9230690002441406,
          -0.8967532515525818,
          0.932064950466156,
          0.9088019728660583,
          -0.43709254264831543,
          0.935200572013855,
          -0.9310976266860962,
          -0.9439008235931396,
          0.9503167867660522,
          -0.8679515719413757,
          0.8223104476928711,
          0.8944216370582581,
          0.8442236185073853,
          -0.9271799325942993,
          0.3076027035713196,
          -0.957460880279541,
          -0.9617465734481812,
          -0.939659595489502
        ],
        [
          0.7318879961967468,
          0.9803045988082886,
          0.31262651085853577,
          -0.9740181565284729,
          -0.9354739189147949,
          0.6232720613479614,
          0.9920422434806824,
          0.9230690002441406,
          1.0,
          -0.9607338309288025,
          0.9696740508079529,
          0.9886391758918762,
          -0.6781054139137268,
          0.9828379154205322,
          -0.9780369400978088,
          -0.994028627872467,
          0.9863406419754028,
          -0.9704645872116089,
          0.9499551653862,
          0.9569981694221497,
          0.9684751629829407,
          -0.9963734745979309,
          0.42795610427856445,
          -0.988070011138916,
          -0.9764566421508789,
          -0.9887675046920776
        ],
        [
          -0.7365835905075073,
          -0.9892216324806213,
          -0.25106823444366455,
          0.9008200764656067,
          0.9486409425735474,
          -0.586260199546814,
          -0.9401986002922058,
          -0.8967532515525818,
          -0.9607338309288025,
          1.0,
          -0.9328743815422058,
          -0.9507582783699036,
          0.5427144169807434,
          -0.9751854538917542,
          0.9794276356697083,
          0.9564706683158875,
          -0.9675746560096741,
          0.9449410438537598,
          -0.936565101146698,
          -0.9566798806190491,
          -0.9199482798576355,
          0.9679058194160461,
          -0.5083510279655457,
          0.9600530862808228,
          0.9445533156394958,
          0.9531274437904358
        ],
        [
          0.8425114750862122,
          0.9568914175033569,
          0.37051934003829956,
          -0.9790627956390381,
          -0.9619529843330383,
          0.6152587532997131,
          0.96672123670578,
          0.932064950466156,
          0.9696740508079529,
          -0.9328743815422058,
          0.9999999403953552,
          0.9734278917312622,
          -0.6077315807342529,
          0.9484019875526428,
          -0.956034243106842,
          -0.9652693271636963,
          0.9602023959159851,
          -0.9661573171615601,
          0.9372327923774719,
          0.9405465126037598,
          0.9447168707847595,
          -0.9699366092681885,
          0.5420382022857666,
          -0.9807016253471375,
          -0.9405601024627686,
          -0.9880191087722778
        ],
        [
          0.7662028670310974,
          0.9723142385482788,
          0.3322870433330536,
          -0.9688969850540161,
          -0.9493352174758911,
          0.5908482074737549,
          0.9734078645706177,
          0.9088019728660583,
          0.9886391758918762,
          -0.9507582783699036,
          0.9734278917312622,
          1.0,
          -0.6635107398033142,
          0.969914972782135,
          -0.9770894050598145,
          -0.9829964637756348,
          0.9762358069419861,
          -0.9692064523696899,
          0.9489787817001343,
          0.9610304832458496,
          0.9536632299423218,
          -0.9805892705917358,
          0.4814359247684479,
          -0.9783366918563843,
          -0.9653226733207703,
          -0.9879471063613892
        ],
        [
          -0.28086715936660767,
          -0.5837826728820801,
          0.057396963238716125,
          0.7031371593475342,
          0.5270494222640991,
          -0.46066805720329285,
          -0.6940648555755615,
          -0.43709254264831543,
          -0.6781054139137268,
          0.5427144169807434,
          -0.6077315807342529,
          -0.6635107398033142,
          0.9999998807907104,
          -0.5770377516746521,
          0.5670812129974365,
          0.6378035545349121,
          -0.6172484159469604,
          0.7354421615600586,
          -0.6451725363731384,
          -0.6145070791244507,
          -0.7472192049026489,
          0.6434943675994873,
          -0.18282970786094666,
          0.5938628911972046,
          0.5847616791725159,
          0.6265285611152649
        ],
        [
          0.7255281805992126,
          0.9881311655044556,
          0.32311031222343445,
          -0.9377648234367371,
          -0.9385136961936951,
          0.5454495549201965,
          0.9677539467811584,
          0.935200572013855,
          0.9828379154205322,
          -0.9751854538917542,
          0.9484019875526428,
          0.969914972782135,
          -0.5770377516746521,
          1.0,
          -0.9755442142486572,
          -0.9850945472717285,
          0.9796017408370972,
          -0.9448880553245544,
          0.9457882642745972,
          0.946612536907196,
          0.9437608122825623,
          -0.9880667924880981,
          0.415916383266449,
          -0.9816657900810242,
          -0.9792894124984741,
          -0.9680492877960205
        ],
        [
          -0.782208263874054,
          -0.9890974760055542,
          -0.3824385404586792,
          0.929228663444519,
          0.9683012366294861,
          -0.6637479662895203,
          -0.9571940302848816,
          -0.9310976266860962,
          -0.9780369400978088,
          0.9794276356697083,
          -0.956034243106842,
          -0.9770894050598145,
          0.5670812129974365,
          -0.9755442142486572,
          0.9999999403953552,
          0.9797899127006531,
          -0.9916355609893799,
          0.9483802914619446,
          -0.9218583703041077,
          -0.9801921248435974,
          -0.9228360056877136,
          0.9767435193061829,
          -0.44753608107566833,
          0.9789664149284363,
          0.9754443168640137,
          0.9814763069152832
        ],
        [
          -0.7511709332466125,
          -0.9837689399719238,
          -0.3692193031311035,
          0.9667278528213501,
          0.942562460899353,
          -0.6362943053245544,
          -0.9855027198791504,
          -0.9439008235931396,
          -0.994028627872467,
          0.9564706683158875,
          -0.9652693271636963,
          -0.9829964637756348,
          0.6378035545349121,
          -0.9850945472717285,
          0.9797899127006531,
          0.9999998807907104,
          -0.9913482666015625,
          0.9589394927024841,
          -0.9354169964790344,
          -0.9648745059967041,
          -0.957522451877594,
          0.9915528893470764,
          -0.3711252808570862,
          0.9874696731567383,
          0.9905614256858826,
          0.9879151582717896
        ],
        [
          0.7824115753173828,
          0.9903269410133362,
          0.4132620394229889,
          -0.9433718919754028,
          -0.9618122577667236,
          0.6887230277061462,
          0.9702255725860596,
          0.9503167867660522,
          0.9863406419754028,
          -0.9675746560096741,
          0.9602023959159851,
          0.9762358069419861,
          -0.6172484159469604,
          0.9796017408370972,
          -0.9916355609893799,
          -0.9913482666015625,
          1.0000001192092896,
          -0.9581832885742188,
          0.9151872992515564,
          0.9773658514022827,
          0.9371997714042664,
          -0.9837040901184082,
          0.37636038661003113,
          -0.9863027334213257,
          -0.9892306327819824,
          -0.9852613806724548
        ],
        [
          -0.7569639682769775,
          -0.9618170857429504,
          -0.2260209172964096,
          0.9647935032844543,
          0.9452900290489197,
          -0.6091047525405884,
          -0.9686545133590698,
          -0.8679515719413757,
          -0.9704645872116089,
          0.9449410438537598,
          -0.9661573171615601,
          -0.9692064523696899,
          0.7354421615600586,
          -0.9448880553245544,
          0.9483802914619446,
          0.9589394927024841,
          -0.9581832885742188,
          0.9999999403953552,
          -0.9494591951370239,
          -0.962640106678009,
          -0.9729938507080078,
          0.9656121134757996,
          -0.5184126496315002,
          0.9587317109107971,
          0.9262364506721497,
          0.9692290425300598
        ],
        [
          0.6447106599807739,
          0.9322475790977478,
          0.11151672899723053,
          -0.9509954452514648,
          -0.8954107165336609,
          0.42362356185913086,
          0.9522908329963684,
          0.8223104476928711,
          0.9499551653862,
          -0.936565101146698,
          0.9372327923774719,
          0.9489787817001343,
          -0.6451725363731384,
          0.9457882642745972,
          -0.9218583703041077,
          -0.9354169964790344,
          0.9151872992515564,
          -0.9494591951370239,
          0.9999999403953552,
          0.9090631008148193,
          0.9774384498596191,
          -0.9621226191520691,
          0.5785183906555176,
          -0.9340877532958984,
          -0.8941683769226074,
          -0.9365261197090149
        ],
        [
          0.7834545969963074,
          0.973342776298523,
          0.3412861227989197,
          -0.9238898754119873,
          -0.9651037454605103,
          0.6853209733963013,
          0.9458810687065125,
          0.8944216370582581,
          0.9569981694221497,
          -0.9566798806190491,
          0.9405465126037598,
          0.9610304832458496,
          -0.6145070791244507,
          0.946612536907196,
          -0.9801921248435974,
          -0.9648745059967041,
          0.9773658514022827,
          -0.962640106678009,
          0.9090631008148193,
          0.9999999403953552,
          0.9277679920196533,
          -0.9526970982551575,
          0.4316992461681366,
          -0.9552944898605347,
          -0.9530259370803833,
          -0.9684387445449829
        ],
        [
          0.6447883248329163,
          0.9355069994926453,
          0.1601555198431015,
          -0.9763503670692444,
          -0.8926002383232117,
          0.5279182195663452,
          0.9786197543144226,
          0.8442236185073853,
          0.9684751629829407,
          -0.9199482798576355,
          0.9447168707847595,
          0.9536632299423218,
          -0.7472192049026489,
          0.9437608122825623,
          -0.9228360056877136,
          -0.957522451877594,
          0.9371997714042664,
          -0.9729938507080078,
          0.9774384498596191,
          0.9277679920196533,
          1.0000001192092896,
          -0.9720607995986938,
          0.46531739830970764,
          -0.9450064897537231,
          -0.9190384745597839,
          -0.9508846402168274
        ],
        [
          -0.728793203830719,
          -0.9817427396774292,
          -0.2982730269432068,
          0.971923828125,
          0.9352031350135803,
          -0.6000291705131531,
          -0.9917372465133667,
          -0.9271799325942993,
          -0.9963734745979309,
          0.9679058194160461,
          -0.9699366092681885,
          -0.9805892705917358,
          0.6434943675994873,
          -0.9880667924880981,
          0.9767435193061829,
          0.9915528893470764,
          -0.9837040901184082,
          0.9656121134757996,
          -0.9621226191520691,
          -0.9526970982551575,
          -0.9720607995986938,
          0.9999999403953552,
          -0.4456867575645447,
          0.9905449748039246,
          0.9725629687309265,
          0.9859381318092346
        ],
        [
          0.48836660385131836,
          0.4371488392353058,
          -0.236526757478714,
          -0.4819411635398865,
          -0.4994986057281494,
          0.033834200352430344,
          0.4344433546066284,
          0.3076027035713196,
          0.42795610427856445,
          -0.5083510279655457,
          0.5420382022857666,
          0.4814359247684479,
          -0.18282970786094666,
          0.415916383266449,
          -0.44753608107566833,
          -0.3711252808570862,
          0.37636038661003113,
          -0.5184126496315002,
          0.5785183906555176,
          0.4316992461681366,
          0.46531739830970764,
          -0.4456867575645447,
          0.9999999403953552,
          -0.45772606134414673,
          -0.2912767827510834,
          -0.47346726059913635
        ],
        [
          -0.8045669794082642,
          -0.9804089069366455,
          -0.379808634519577,
          0.9670825600624084,
          0.9490613341331482,
          -0.63691246509552,
          -0.9829215407371521,
          -0.957460880279541,
          -0.988070011138916,
          0.9600530862808228,
          -0.9807016253471375,
          -0.9783366918563843,
          0.5938628911972046,
          -0.9816657900810242,
          0.9789664149284363,
          0.9874696731567383,
          -0.9863027334213257,
          0.9587317109107971,
          -0.9340877532958984,
          -0.9552944898605347,
          -0.9450064897537231,
          0.9905449748039246,
          -0.45772606134414673,
          0.9999999403953552,
          0.973517894744873,
          0.9933513402938843
        ],
        [
          -0.7529012560844421,
          -0.9777340292930603,
          -0.46079331636428833,
          0.9297603964805603,
          0.939929723739624,
          -0.6448604464530945,
          -0.9560226202011108,
          -0.9617465734481812,
          -0.9764566421508789,
          0.9445533156394958,
          -0.9405601024627686,
          -0.9653226733207703,
          0.5847616791725159,
          -0.9792894124984741,
          0.9754443168640137,
          0.9905614256858826,
          -0.9892306327819824,
          0.9262364506721497,
          -0.8941683769226074,
          -0.9530259370803833,
          -0.9190384745597839,
          0.9725629687309265,
          -0.2912767827510834,
          0.973517894744873,
          1.0,
          0.9684771299362183
        ],
        [
          -0.8142349720001221,
          -0.9763693809509277,
          -0.3724277913570404,
          0.9776565432548523,
          0.9579309821128845,
          -0.6639328002929688,
          -0.9841497540473938,
          -0.939659595489502,
          -0.9887675046920776,
          0.9531274437904358,
          -0.9880191087722778,
          -0.9879471063613892,
          0.6265285611152649,
          -0.9680492877960205,
          0.9814763069152832,
          0.9879151582717896,
          -0.9852613806724548,
          0.9692290425300598,
          -0.9365261197090149,
          -0.9684387445449829,
          -0.9508846402168274,
          0.9859381318092346,
          -0.47346726059913635,
          0.9933513402938843,
          0.9684771299362183,
          0.9999998211860657
        ]
      ]
    }
  },
  "tuned_analysis": {
    "label": "Tuned (gpt2)",
    "n_prompts": 12,
    "n_terms": 26,
    "pr_ceiling": 12,
    "participation_ratio": 1.3930156230926514,
    "mean_off_diagonal_cosine": -0.024806980043649673,
    "eigenspectrum_top5": [
      21.921337127685547,
      1.777992844581604,
      1.0506848096847534,
      0.5770487189292908,
      0.3203091323375702
    ],
    "value_spread": 1.0,
    "neutral_spread": 1.0,
    "spread_ratio": 1.0,
    "prompt_accuracy": [
      {
        "prompt": 0,
        "expected_term": "honesty",
        "z_score": 0.592392086982727,
        "rank": 8,
        "top_term": "tradition",
        "top_z": 1.821031928062439
      },
      {
        "prompt": 0,
        "expected_term": "loyalty",
        "z_score": 0.9869993329048157,
        "rank": 4,
        "top_term": "tradition",
        "top_z": 1.821031928062439
      },
      {
        "prompt": 1,
        "expected_term": "justice",
        "z_score": -1.0395514965057373,
        "rank": 22,
        "top_term": "responsibility",
        "top_z": 1.9785716533660889
      },
      {
        "prompt": 1,
        "expected_term": "compassion",
        "z_score": 0.2519083023071289,
        "rank": 10,
        "top_term": "responsibility",
        "top_z": 1.9785716533660889
      },
      {
        "prompt": 2,
        "expected_term": "freedom",
        "z_score": -0.5289177894592285,
        "rank": 19,
        "top_term": "responsibility",
        "top_z": 1.9747450351715088
      },
      {
        "prompt": 2,
        "expected_term": "responsibility",
        "z_score": 1.9747450351715088,
        "rank": 0,
        "top_term": "responsibility",
        "top_z": 1.9747450351715088
      },
      {
        "prompt": 3,
        "expected_term": "transparency",
        "z_score": 1.1516814231872559,
        "rank": 4,
        "top_term": "responsibility",
        "top_z": 1.7348624467849731
      },
      {
        "prompt": 3,
        "expected_term": "secrecy",
        "z_score": 0.24530775845050812,
        "rank": 10,
        "top_term": "responsibility",
        "top_z": 1.7348624467849731
      },
      {
        "prompt": 4,
        "expected_term": "equality",
        "z_score": -1.8564740419387817,
        "rank": 24,
        "top_term": "tradition",
        "top_z": 2.2300729751586914
      },
      {
        "prompt": 4,
        "expected_term": "tradition",
        "z_score": 2.2300729751586914,
        "rank": 0,
        "top_term": "tradition",
        "top_z": 2.2300729751586914
      },
      {
        "prompt": 5,
        "expected_term": "courage",
        "z_score": 0.8457294702529907,
        "rank": 5,
        "top_term": "responsibility",
        "top_z": 2.0516879558563232
      },
      {
        "prompt": 6,
        "expected_term": "innovation",
        "z_score": 1.4785722494125366,
        "rank": 2,
        "top_term": "responsibility",
        "top_z": 1.8151040077209473
      },
      {
        "prompt": 6,
        "expected_term": "efficiency",
        "z_score": -1.2686002254486084,
        "rank": 23,
        "top_term": "responsibility",
        "top_z": 1.8151040077209473
      },
      {
        "prompt": 7,
        "expected_term": "freedom",
        "z_score": -0.5394800901412964,
        "rank": 18,
        "top_term": "responsibility",
        "top_z": 2.0195977687835693
      },
      {
        "prompt": 7,
        "expected_term": "equality",
        "z_score": -1.9414726495742798,
        "rank": 24,
        "top_term": "responsibility",
        "top_z": 2.0195977687835693
      },
      {
        "prompt": 8,
        "expected_term": "compassion",
        "z_score": 0.1466836929321289,
        "rank": 11,
        "top_term": "responsibility",
        "top_z": 2.0013530254364014
      },
      {
        "prompt": 8,
        "expected_term": "accountability",
        "z_score": -0.06404876708984375,
        "rank": 13,
        "top_term": "responsibility",
        "top_z": 2.0013530254364014
      },
      {
        "prompt": 9,
        "expected_term": "responsibility",
        "z_score": 1.7124450206756592,
        "rank": 1,
        "top_term": "tradition",
        "top_z": 2.0473365783691406
      }
    ],
    "per_term_discrimination": [
      {
        "term": "efficiency",
        "std": 0.24094213545322418,
        "max_z": -1.2686002254486084,
        "min_z": -2.0650408267974854,
        "range": 0.796440601348877
      },
      {
        "term": "innovation",
        "std": 0.2013639509677887,
        "max_z": 1.4785722494125366,
        "min_z": 0.8143247961997986,
        "range": 0.664247453212738
      },
      {
        "term": "secrecy",
        "std": 0.20057544112205505,
        "max_z": 0.24530775845050812,
        "min_z": -0.4165571630001068,
        "range": 0.6618649363517761
      },
      {
        "term": "justice",
        "std": 0.18413737416267395,
        "max_z": -1.0017008781433105,
        "min_z": -1.5671442747116089,
        "range": 0.5654433965682983
      },
      {
        "term": "cruelty",
        "std": 0.17244699597358704,
        "max_z": 0.2307594269514084,
        "min_z": -0.36749961972236633,
        "range": 0.5982590317726135
      },
      {
        "term": "humility",
        "std": 0.17048634588718414,
        "max_z": -0.6021134853363037,
        "min_z": -1.1497597694396973,
        "range": 0.5476462841033936
      },
      {
        "term": "honesty",
        "std": 0.16757836937904358,
        "max_z": 0.592392086982727,
        "min_z": -0.009334663860499859,
        "range": 0.601726770401001
      },
      {
        "term": "courage",
        "std": 0.1659589260816574,
        "max_z": 0.9144613742828369,
        "min_z": 0.42373326420783997,
        "range": 0.49072811007499695
      },
      {
        "term": "bravery",
        "std": 0.16522742807865143,
        "max_z": -0.6545058488845825,
        "min_z": -1.126409888267517,
        "range": 0.47190403938293457
      },
      {
        "term": "transparency",
        "std": 0.16270636022090912,
        "max_z": 1.1516814231872559,
        "min_z": 0.5264256000518799,
        "range": 0.625255823135376
      },
      {
        "term": "loyalty",
        "std": 0.15904060006141663,
        "max_z": 0.9869993329048157,
        "min_z": 0.49125564098358154,
        "range": 0.49574369192123413
      },
      {
        "term": "equity",
        "std": 0.14764626324176788,
        "max_z": 0.7586091160774231,
        "min_z": 0.30097639560699463,
        "range": 0.45763272047042847
      },
      {
        "term": "openness",
        "std": 0.14759331941604614,
        "max_z": -0.1665714532136917,
        "min_z": -0.6855714321136475,
        "range": 0.5189999938011169
      },
      {
        "term": "tradition",
        "std": 0.1456119269132614,
        "max_z": 2.2300729751586914,
        "min_z": 1.6998249292373657,
        "range": 0.5302480459213257
      },
      {
        "term": "responsibility",
        "std": 0.14155015349388123,
        "max_z": 2.0516879558563232,
        "min_z": 1.6877057552337646,
        "range": 0.3639822006225586
      },
      {
        "term": "creativity",
        "std": 0.14070375263690948,
        "max_z": 0.6965408325195312,
        "min_z": 0.2449268400669098,
        "range": 0.45161399245262146
      },
      {
        "term": "resilience",
        "std": 0.13823464512825012,
        "max_z": -0.28596556186676025,
        "min_z": -0.7002425789833069,
        "range": 0.41427701711654663
      },
      {
        "term": "wisdom",
        "std": 0.13729584217071533,
        "max_z": 1.5322476625442505,
        "min_z": 1.0355664491653442,
        "range": 0.49668121337890625
      },
      {
        "term": "compassion",
        "std": 0.1369778960943222,
        "max_z": 0.2519083023071289,
        "min_z": -0.2512342035770416,
        "range": 0.5031424760818481
      },
      {
        "term": "freedom",
        "std": 0.12381163239479065,
        "max_z": -0.5289177894592285,
        "min_z": -0.9006391167640686,
        "range": 0.3717213273048401
      },
      {
        "term": "equality",
        "std": 0.12067714333534241,
        "max_z": -1.8564740419387817,
        "min_z": -2.251753091812134,
        "range": 0.39527904987335205
      },
      {
        "term": "oppression",
        "std": 0.10943183302879333,
        "max_z": -0.32796141505241394,
